D1,,,,parameters of the mean fragility,,,D2,,,,parameters of the mean fragility,,,D3,,,,parameters of the mean fragility,,
flow depth [m],mean-1sigma fragility,mean fragility,mean+1sigma fragility,median,logarithmic standard deviation,epistemic uncertainty,flow depth [m],mean-1sigma fragility,mean fragility,mean+1sigma fragility,median,logarithmic standard deviation,epistemic uncertainty,flow depth [m],mean-1sigma fragility,mean fragility,mean+1sigma fragility,median,logarithmic standard deviation,epistemic uncertainty
0.000001,0,1.44749E-12,2.62225E-11,0.604931447,0.460870998,0.086540004,0.000001,0,0,0,2.684029776,0.583593581,0.082821857,0.000001,0,0,0,3.663714578,0.560435588,0.134116354
0.01,0,4.69716E-05,0.000142034,,,,0.01,0,2.2014E-09,1.48006E-08,,,,0.01,0,3.90239E-11,4.95669E-10,,,
0.02,0,0.000210313,0.000546526,,,,0.02,0,2.73879E-08,1.4691E-07,,,,0.02,0,6.27043E-10,6.35378E-09,,,
0.03,0,0.000515364,0.001227062,,,,0.03,0,1.23834E-07,5.76738E-07,,,,0.03,0,3.32024E-09,2.87783E-08,,,
0.04,0,0.000982454,0.002198583,,,,0.04,0,3.67319E-07,1.54322E-06,,,,0.04,0,1.10773E-08,8.50303E-08,,,
0.05,0,0.001629427,0.003474591,,,,0.05,0,8.62376E-07,3.34133E-06,,,,0.05,0,2.86013E-08,1.9868E-07,,,
0.06,0,0.002472504,0.005067222,,,,0.06,0,1.74374E-06,6.32142E-06,,,,0.06,0,6.26868E-08,4.00028E-07,,,
0.07,6.60056E-05,0.003526702,0.006987399,,,,0.07,0,3.17783E-06,1.08891E-05,,,,0.07,0,1.22574E-07,7.26588E-07,,,
0.08,0.000367179,0.004806071,0.009244963,,,,0.08,0,5.36409E-06,1.75051E-05,,,,0.08,0,2.20312E-07,1.2236E-06,,,
0.09,0.0007989,0.006323831,0.011848763,,,,0.09,0,8.53634E-06,2.66857E-05,,,,0.09,0,3.71123E-07,1.94457E-06,,,
0.1,0.001378209,0.008092469,0.014806729,,,,0.1,0,1.29639E-05,3.90021E-05,,,,0.1,0,5.93784E-07,2.95178E-06,,,
0.11,0.002121664,0.010123789,0.018125913,,,,0.11,0,1.89529E-05,5.50807E-05,,,,0.11,0,9.11E-07,4.31683E-06,,,
0.12,0.003045375,0.012428953,0.021812532,,,,0.12,0,2.6847E-05,7.56026E-05,,,,0.12,0,1.34979E-06,6.12113E-06,,,
0.13,0.004165021,0.015018504,0.025871986,,,,0.13,0,3.70282E-05,0.000101303,,,,0.13,0,1.94189E-06,8.45643E-06,,,
0.14,0.005495861,0.01790237,0.030308879,,,,0.14,0,4.99177E-05,0.000132971,,,,0.14,0,2.7241E-06,1.14253E-05,,,
0.15,0.007052721,0.021089877,0.035127033,,,,0.15,0,6.59767E-05,0.000171449,,,,0.15,0,3.73871E-06,1.51415E-05,,,
0.16,0.00884999,0.024589742,0.040329494,,,,0.16,0,8.5706E-05,0.000217629,,,,0.16,0,5.03385E-06,1.97305E-05,,,
0.17,0.010901593,0.028410067,0.045918542,,,,0.17,0,0.000109647,0.000272456,,,,0.17,0,6.66392E-06,2.533E-05,,,
0.18,0.013220973,0.032558332,0.051895691,,,,0.18,0,0.000138382,0.000336923,,,,0.18,0,8.68987E-06,3.20898E-05,,,
0.19,0.015821063,0.037041381,0.058261698,,,,0.19,0,0.000172532,0.000412068,,,,0.19,0,1.11796E-05,4.01728E-05,,,
0.2,0.018714256,0.041865409,0.065016562,,,,0.2,0,0.000212759,0.000498979,,,,0.2,0,1.42085E-05,4.97547E-05,,,
0.21,0.02191237,0.047035949,0.072159527,,,,0.21,0,0.000259765,0.000598782,,,,0.21,0,1.78592E-05,6.10246E-05,,,
0.22,0.025426619,0.052557852,0.079689086,,,,0.22,0,0.00031429,0.000712648,,,,0.22,0,2.22227E-05,7.41848E-05,,,
0.23,0.029267569,0.058435276,0.087602983,,,,0.23,0,0.000377112,0.000841784,,,,0.23,0,2.73979E-05,8.94514E-05,,,
0.24,0.033445108,0.064671663,0.095898219,,,,0.24,0,0.000449044,0.000987431,,,,0.24,0,3.34925E-05,0.000107054,,,
0.25,0.037968403,0.071269728,0.104571053,,,,0.25,0,0.000530938,0.001150864,,,,0.25,0,4.06225E-05,0.000127235,,,
0.26,0.042845866,0.07823144,0.113617014,,,,0.26,0,0.000623676,0.001333386,,,,0.26,0,4.89133E-05,0.000150253,,,
0.27,0.048085108,0.085558004,0.1230309,,,,0.27,0,0.000728174,0.001536326,,,,0.27,0,5.84992E-05,0.000176376,,,
0.28,0.053692908,0.093249852,0.132806795,,,,0.28,0,0.000845378,0.001761032,,,,0.28,0,6.95236E-05,0.000205887,,,
0.29,0.05967517,0.101306622,0.142938074,,,,0.29,0,0.00097626,0.00200887,,,,0.29,0,8.21394E-05,0.000239084,,,
0.3,0.066036885,0.109727151,0.153417417,,,,0.3,0,0.00112182,0.002281221,,,,0.3,0,9.65091E-05,0.000276275,,,
0.31,0.072782101,0.118509461,0.164236821,,,,0.31,0,0.001283079,0.002579472,,,,0.31,0,0.000112804,0.000317779,,,
0.32,0.079913878,0.127650747,0.175387616,,,,0.32,1.7139E-05,0.001461076,0.002905014,,,,0.32,0,0.000131206,0.00036393,,,
0.33,0.087434266,0.137147375,0.186860483,,,,0.33,5.45042E-05,0.001656871,0.003259237,,,,0.33,0,0.000151904,0.00041507,,,
0.34,0.095344267,0.146994869,0.198645471,,,,0.34,9.95387E-05,0.001871533,0.003643527,,,,0.34,0,0.000175099,0.000471552,,,
0.35,0.103643806,0.157187912,0.210732017,,,,0.35,0.000153031,0.002106143,0.004059255,,,,0.35,0,0.000200999,0.000533741,,,
0.36,0.112331713,0.167720342,0.223108971,,,,0.36,0.000215798,0.002361788,0.004507778,,,,0.36,0,0.000229822,0.000602006,,,
0.37,0.121405693,0.178585155,0.235764617,,,,0.37,0.000288684,0.002639557,0.004990431,,,,0.37,0,0.000261792,0.000676727,,,
0.38,0.130862313,0.189774506,0.248686699,,,,0.38,0.000372558,0.002940539,0.005508519,,,,0.38,0,0.000297144,0.00075829,,,
0.39,0.140696986,0.201279717,0.261862449,,,,0.39,0.000468309,0.003265813,0.006063318,,,,0.39,0,0.000336119,0.000847086,,,
0.4,0.150903959,0.213091285,0.275278612,,,,0.4,0.000576846,0.003616454,0.006656062,,,,0.4,0,0.000378965,0.000943512,,,
0.41,0.161476311,0.225198896,0.28892148,,,,0.41,0.000699093,0.003993517,0.007287942,,,,0.41,0,0.000425939,0.001047966,,,
0.42,0.172405955,0.237591437,0.302776918,,,,0.42,0.000835988,0.004398043,0.007960098,,,,0.42,0,0.000477302,0.00116085,,,
0.43,0.183683638,0.250257018,0.316830397,,,,0.43,0.000988476,0.004831046,0.008673616,,,,0.43,0,0.00053332,0.001282566,,,
0.44,0.195298958,0.263182991,0.331067024,,,,0.44,0.001157508,0.005293514,0.00942952,,,,0.44,0,0.000594266,0.001413514,,,
0.45,0.207240381,0.276355977,0.345471574,,,,0.45,0.001344037,0.005786403,0.01022877,,,,0.45,0,0.000660414,0.001554094,,,
0.46,0.219495263,0.289761894,0.360028526,,,,0.46,0.001549016,0.006310633,0.01107225,,,,0.46,0,0.000732045,0.001704702,,,
0.47,0.232049885,0.303385987,0.374722088,,,,0.47,0.00177339,0.006867081,0.011960772,,,,0.47,0,0.000809439,0.001865726,,,
0.48,0.244889492,0.317212863,0.389536235,,,,0.48,0.002018096,0.00745658,0.012895065,,,,0.48,0,0.00089288,0.002037552,,,
0.49,0.257998336,0.331226535,0.404454734,,,,0.49,0.002284057,0.008079914,0.01387577,,,,0.49,0,0.000982652,0.002220554,,,
0.5,0.271359731,0.345410455,0.419461179,,,,0.5,0.002572178,0.00873781,0.014903442,,,,0.5,0,0.001079037,0.002415099,,,
0.51,0.284956112,0.359747565,0.434539018,,,,0.51,0.002883344,0.009430942,0.015978539,,,,0.51,0,0.001182319,0.00262154,,,
0.52,0.298769108,0.374220345,0.449671582,,,,0.52,0.003218415,0.010159919,0.017101423,,,,0.52,0,0.001292777,0.00284022,,,
0.53,0.312779608,0.388810859,0.46484211,,,,0.53,0.003578223,0.010925288,0.018272353,,,,0.53,0,0.001410688,0.003071466,,,
0.54,0.326967853,0.403500814,0.480033775,,,,0.54,0.003963566,0.011727527,0.019491488,,,,0.54,0,0.001536324,0.003315591,,,
0.55,0.341313515,0.418271614,0.495229713,,,,0.55,0.004375207,0.012567043,0.020758878,,,,0.55,0,0.001669954,0.003572889,,,
0.56,0.355795798,0.433104419,0.51041304,,,,0.56,0.00481387,0.01344417,0.022074469,,,,0.56,0,0.001811838,0.003843638,,,
0.57,0.370393532,0.447980206,0.52556688,,,,0.57,0.005280237,0.014359167,0.023438096,,,,0.57,0,0.001962231,0.004128096,,,
0.58,0.38508528,0.462879832,0.540674385,,,,0.58,0.005774945,0.015312215,0.024849486,,,,0.58,0,0.002121379,0.004426499,,,
0.59,0.399849441,0.477784098,0.555718755,,,,0.59,0.006298581,0.016303418,0.026308256,,,,0.59,0,0.002289518,0.004739062,,,
0.6,0.414664362,0.492673815,0.570683268,,,,0.6,0.006851683,0.017332799,0.027813916,,,,0.6,0,0.002466875,0.005065979,,,
0.61,0.429508447,0.50752987,0.585551294,,,,0.61,0.007434737,0.018400302,0.029365867,,,,0.61,0,0.002653668,0.005407418,,,
0.62,0.444360265,0.522333296,0.600306326,,,,0.62,0.008048172,0.019505789,0.030963406,,,,0.62,0,0.0028501,0.005763526,,,
0.63,0.459198657,0.537065332,0.614932008,,,,0.63,0.008692362,0.020649045,0.032605727,,,,0.63,0,0.003056365,0.006134422,,,
0.64,0.474002845,0.551707501,0.629412158,,,,0.64,0.009367624,0.021829773,0.034291923,,,,0.64,2.50803E-05,0.003272642,0.006520203,,,
0.65,0.488752526,0.566241667,0.643730808,,,,0.65,0.010074214,0.023047603,0.036020992,,,,0.65,7.72548E-05,0.003499097,0.006920939,,,
0.66,0.50342797,0.580650104,0.657872239,,,,0.66,0.010812332,0.024302085,0.037791838,,,,0.66,0.000135091,0.003735883,0.007336676,,,
0.67,0.518010104,0.594915561,0.671821018,,,,0.67,0.011582115,0.025592699,0.039603282,,,,0.67,0.000198845,0.003983138,0.007767432,,,
0.68,0.532480593,0.609021321,0.685562049,,,,0.68,0.012383642,0.026918851,0.041454061,,,,0.68,0.000268769,0.004240986,0.008213204,,,
0.69,0.546821906,0.622951263,0.699080621,,,,0.69,0.013216931,0.028279884,0.043342837,,,,0.69,0.000345111,0.004509535,0.00867396,,,
0.7,0.561017376,0.636689918,0.71236246,,,,0.7,0.014081944,0.029675074,0.045268204,,,,0.7,0.000428112,0.00478888,0.009149648,,,
0.71,0.57505125,0.650222521,0.725393791,,,,0.71,0.014978583,0.031103639,0.047228696,,,,0.71,0.000518009,0.005079099,0.009640189,,,
0.72,0.588908723,0.663535061,0.738161398,,,,0.72,0.015906694,0.032564741,0.049222789,,,,0.72,0.000615029,0.005380257,0.010145484,,,
0.73,0.602575967,0.676614329,0.750652691,,,,0.73,0.016866068,0.034057492,0.051248916,,,,0.73,0.000719395,0.005692403,0.010665412,,,
0.74,0.616040146,0.689447958,0.762855769,,,,0.74,0.017856445,0.035580958,0.053305471,,,,0.74,0.000831319,0.006015574,0.011199829,,,
0.75,0.629289422,0.702024455,0.774759489,,,,0.75,0.018877512,0.037134165,0.055390817,,,,0.75,0.000951006,0.006349791,0.011748576,,,
0.76,0.642312953,0.714333242,0.786353532,,,,0.76,0.01992891,0.038716104,0.057503297,,,,0.76,0.001078651,0.006695062,0.012311474,,,
0.77,0.65510088,0.726364673,0.797628466,,,,0.77,0.021010233,0.040325737,0.05964124,,,,0.77,0.001214442,0.007051384,0.012888326,,,
0.78,0.667644311,0.73811006,0.808575809,,,,0.78,0.022121036,0.041962003,0.06180297,,,,0.78,0.001358556,0.007418741,0.013478925,,,
0.79,0.679935294,0.749561686,0.819188078,,,,0.79,0.02326083,0.043623823,0.063986815,,,,0.79,0.001511161,0.007797105,0.014083048,,,
0.8,0.691966789,0.760712817,0.829458845,,,,0.8,0.024429096,0.045310106,0.066191116,,,,0.8,0.001672415,0.008186438,0.014700461,,,
0.81,0.703732633,0.771557701,0.839382769,,,,0.81,0.025625279,0.047019756,0.068414234,,,,0.81,0.001842467,0.008586694,0.015330921,,,
0.82,0.715227509,0.782091573,0.848955636,,,,0.82,0.026848798,0.048751677,0.070654556,,,,0.82,0.002021455,0.008997816,0.015974177,,,
0.83,0.726446905,0.792310639,0.858174372,,,,0.83,0.028099046,0.050504775,0.072910505,,,,0.83,0.002209511,0.009419743,0.016629975,,,
0.84,0.73738708,0.80221207,0.867037061,,,,0.84,0.029375397,0.052277972,0.075180546,,,,0.84,0.002406753,0.009852403,0.017298053,,,
0.85,0.748045023,0.811793982,0.87554294,,,,0.85,0.030677209,0.0540702,0.077463192,,,,0.85,0.002613295,0.010295723,0.01797815,,,
0.86,0.758418425,0.821055408,0.883692392,,,,0.86,0.032003825,0.055880417,0.079757009,,,,0.86,0.00282924,0.010749622,0.018670004,,,
0.87,0.768505634,0.829996276,0.891486918,,,,0.87,0.033354581,0.057707602,0.082060622,,,,0.87,0.003054682,0.011214018,0.019373354,,,
0.88,0.778305633,0.838617372,0.89892911,,,,0.88,0.034728809,0.059550765,0.084372722,,,,0.88,0.003289709,0.011688826,0.020087943,,,
0.89,0.787818003,0.846920304,0.906022606,,,,0.89,0.036125837,0.06140895,0.086692063,,,,0.89,0.003534403,0.01217396,0.020813517,,,
0.9,0.797042894,0.854907466,0.912772037,,,,0.9,0.037545,0.063281237,0.089017473,,,,0.9,0.003788836,0.012669333,0.021549829,,,
0.91,0.805981004,0.862581986,0.919182968,,,,0.91,0.038985637,0.065166744,0.091347852,,,,0.91,0.004053076,0.013174859,0.022296641,,,
0.92,0.814633545,0.869947688,0.92526183,,,,0.92,0.040447094,0.067064634,0.093682174,,,,0.92,0.004327187,0.013690453,0.02305372,,,
0.93,0.823002228,0.877009039,0.93101585,,,,0.93,0.041928735,0.068974113,0.096019492,,,,0.93,0.004611225,0.014216035,0.023820845,,,
0.94,0.831089233,0.883771102,0.936452971,,,,0.94,0.043429934,0.070894433,0.098358931,,,,0.94,0.004905244,0.014751525,0.024597806,,,
0.95,0.83889719,0.890239481,0.941581771,,,,0.95,0.044950088,0.072824893,0.100699698,,,,0.95,0.005209294,0.015296848,0.025384403,,,
0.96,0.846429158,0.896420272,0.946411386,,,,0.96,0.046488611,0.074764842,0.103041073,,,,0.96,0.005523422,0.015851935,0.026180449,,,
0.97,0.853688598,0.902320011,0.950951424,,,,0.97,0.048044941,0.076713676,0.105382411,,,,0.97,0.005847671,0.01641672,0.026985768,,,
0.98,0.860679358,0.90794562,0.955211881,,,,0.98,0.04961854,0.078670841,0.107723142,,,,0.98,0.006182086,0.016991143,0.027800201,,,
0.99,0.867405645,0.913304357,0.959203069,,,,0.99,0.051208896,0.080635832,0.110062768,,,,0.99,0.006526706,0.017575152,0.028623597,,,
1,0.873872003,0.918403766,0.96293553,,,,1,0.052815524,0.082608191,0.112400857,,,,1,0.006881573,0.018168698,0.029455823,,,
1.01,0.880083288,0.923251628,0.966419969,,,,1.01,0.054437966,0.084587507,0.114737048,,,,1.01,0.007246727,0.018771742,0.030296757,,,
1.02,0.886044647,0.927855914,0.969667181,,,,1.02,0.056075794,0.086573417,0.11707104,,,,1.02,0.007622209,0.01938425,0.031146292,,,
1.03,0.891761488,0.932224739,0.972687989,,,,1.03,0.057728607,0.088565601,0.119402595,,,,1.03,0.008008058,0.020006196,0.032004333,,,
1.04,0.897239455,0.936366319,0.975493183,,,,1.04,0.059396035,0.090563782,0.121731529,,,,1.04,0.008404318,0.020637559,0.0328708,,,
1.05,0.902484404,0.940288935,0.978093466,,,,1.05,0.061077735,0.092567725,0.124057715,,,,1.05,0.008811032,0.021278327,0.033745623,,,
1.06,0.907502371,0.944000887,0.980499403,,,,1.06,0.062773394,0.094577234,0.126381074,,,,1.06,0.009228243,0.021928495,0.034628747,,,
1.07,0.912299551,0.947510468,0.982721385,,,,1.07,0.064482724,0.096592149,0.128701574,,,,1.07,0.009655997,0.022588063,0.035520129,,,
1.08,0.916882267,0.950825924,0.984769581,,,,1.08,0.066205467,0.098612346,0.131019226,,,,1.08,0.010094344,0.023257041,0.036419737,,,
1.09,0.921256942,0.953955428,0.986653914,,,,1.09,0.067941389,0.100637734,0.133334079,,,,1.09,0.010543332,0.023935441,0.037327549,,,
1.1,0.925430078,0.956907054,0.988384029,,,,1.1,0.069690282,0.102668251,0.135646221,,,,1.1,0.011003014,0.024623285,0.038243556,,,
1.11,0.929408228,0.959688749,0.98996927,,,,1.11,0.071451961,0.104703865,0.137955768,,,,1.11,0.011473444,0.0253206,0.039167756,,,
1.12,0.93319797,0.962308316,0.991418662,,,,1.12,0.073226265,0.106744567,0.140262868,,,,1.12,0.011954678,0.026027418,0.040100159,,,
1.13,0.936805885,0.964773391,0.992740897,,,,1.13,0.075013053,0.108790373,0.142567693,,,,1.13,0.012446774,0.026743778,0.041040781,,,
1.14,0.940238539,0.967091431,0.993944323,,,,1.14,0.076812204,0.110841321,0.144870438,,,,1.14,0.012949793,0.027469721,0.04198965,,,
1.15,0.943502455,0.969269695,0.995036936,,,,1.15,0.078623614,0.112897466,0.147171317,,,,1.15,0.013463796,0.028205297,0.042946797,,,
1.16,0.9466041,0.971315237,0.996026374,,,,1.16,0.080447199,0.114958881,0.149470562,,,,1.16,0.013988849,0.028950556,0.043912264,,,
1.17,0.949549865,0.973234893,0.996919921,,,,1.17,0.082282887,0.117025653,0.151768418,,,,1.17,0.014525017,0.029705556,0.044886096,,,
1.18,0.952346048,0.975035274,0.9977245,,,,1.18,0.084130622,0.119097882,0.154065142,,,,1.18,0.015072368,0.030470357,0.045868346,,,
1.19,0.954998844,0.976722763,0.998446682,,,,1.19,0.08599036,0.12117568,0.156361,,,,1.19,0.01563097,0.03124502,0.04685907,,,
1.2,0.957514324,0.978303506,0.999092687,,,,1.2,0.087862067,0.123259166,0.158656265,,,,1.2,0.016200895,0.032029613,0.047858331,,,
1.21,0.959898434,0.979783414,0.999668394,,,,1.21,0.08974572,0.125348468,0.160951216,,,,1.21,0.016782214,0.032824204,0.048866195,,,
1.22,0.962156975,0.981168161,1,,,,1.22,0.091641303,0.127443718,0.163246133,,,,1.22,0.017375,0.033628865,0.04988273,,,
1.23,0.964295603,0.982463181,1,,,,1.23,0.093548807,0.129545054,0.1655413,,,,1.23,0.017979325,0.034443667,0.050908009,,,
1.24,0.966319817,0.983673673,1,,,,1.24,0.09546823,0.131652616,0.167837001,,,,1.24,0.018595264,0.035268686,0.051942107,,,
1.25,0.968234953,0.984804603,1,,,,1.25,0.097399572,0.133766545,0.170133518,,,,1.25,0.019222891,0.036103996,0.052985101,,,
1.26,0.970046183,0.985860707,1,,,,1.26,0.09934284,0.135886985,0.17243113,,,,1.26,0.019862281,0.036949675,0.05403707,,,
1.27,0.971758511,0.986846492,1,,,,1.27,0.101298039,0.138014076,0.174730113,,,,1.27,0.020513508,0.037805801,0.055098093,,,
1.28,0.973376766,0.987766245,1,,,,1.28,0.103265179,0.140147959,0.17703074,,,,1.28,0.021176646,0.03867245,0.056168253,,,
1.29,0.974905607,0.98862404,1,,,,1.29,0.105244267,0.142288772,0.179333277,,,,1.29,0.021851769,0.0395497,0.05724763,,,
1.3,0.976349518,0.989423735,1,,,,1.3,0.107235312,0.144436649,0.181637985,,,,1.3,0.022538951,0.040437629,0.058336308,,,
1.31,0.977712813,0.99016899,1,,,,1.31,0.109238322,0.14659172,0.183945118,,,,1.31,0.023238263,0.041336315,0.059434367,,,
1.32,0.978999631,0.990863265,1,,,,1.32,0.1112533,0.148754111,0.186254923,,,,1.32,0.023949777,0.042245834,0.06054189,,,
1.33,0.980213944,0.99150983,1,,,,1.33,0.113280249,0.150923945,0.188567641,,,,1.33,0.024673564,0.043166262,0.06165896,,,
1.34,0.981359553,0.992111771,1,,,,1.34,0.115319167,0.153101335,0.190883503,,,,1.34,0.025409692,0.044097674,0.062785656,,,
1.35,0.982440098,0.992672001,1,,,,1.35,0.117370051,0.155286393,0.193202735,,,,1.35,0.026158228,0.045040144,0.06392206,,,
1.36,0.983459056,0.993193263,1,,,,1.36,0.119432891,0.157479222,0.195525553,,,,1.36,0.026919239,0.045993745,0.065068251,,,
1.37,0.984419746,0.993678137,1,,,,1.37,0.121507672,0.159679918,0.197852164,,,,1.37,0.027692789,0.046958548,0.066224308,,,
1.38,0.985325334,0.99412905,1,,,,1.38,0.123594377,0.161888573,0.200182769,,,,1.38,0.028478939,0.047934623,0.067390307,,,
1.39,0.986178835,0.994548284,1,,,,1.39,0.125692981,0.164105271,0.20251756,,,,1.39,0.029277749,0.048922038,0.068566326,,,
1.4,0.986983121,0.994937979,1,,,,1.4,0.127803454,0.166330088,0.204856722,,,,1.4,0.030089277,0.049920858,0.069752439,,,
1.41,0.987740922,0.995300142,1,,,,1.41,0.12992576,0.168563095,0.207200429,,,,1.41,0.030913578,0.050931149,0.070948721,,,
1.42,0.988454834,0.995636655,1,,,,1.42,0.132059858,0.170804354,0.20954885,,,,1.42,0.031750705,0.051952973,0.072155242,,,
1.43,0.989127321,0.995949281,1,,,,1.43,0.134205701,0.173053923,0.211902146,,,,1.43,0.032600707,0.052986391,0.073372075,,,
1.44,0.98976072,0.996239668,1,,,,1.44,0.136363234,0.175311851,0.214260469,,,,1.44,0.033463633,0.05403146,0.074599288,,,
1.45,0.990357249,0.996509359,1,,,,1.45,0.138532396,0.177578181,0.216623965,,,,1.45,0.034339526,0.055088238,0.07583695,,,
1.46,0.990919009,0.996759796,1,,,,1.46,0.140713121,0.179852947,0.218992773,,,,1.46,0.035228428,0.056156778,0.077085128,,,
1.47,0.991447988,0.996992325,1,,,,1.47,0.142905337,0.182136181,0.221367025,,,,1.47,0.036130378,0.057237133,0.078343887,,,
1.48,0.99194607,0.997208203,1,,,,1.48,0.145108963,0.184427904,0.223746845,,,,1.48,0.037045411,0.058329351,0.079613291,,,
1.49,0.992415036,0.997408603,1,,,,1.49,0.147323914,0.186728133,0.226132353,,,,1.49,0.037973559,0.059433481,0.080893404,,,
1.5,0.992856569,0.997594619,1,,,,1.5,0.149550098,0.18903688,0.228523661,,,,1.5,0.038914852,0.060549569,0.082184285,,,
1.51,0.99327226,0.997767271,1,,,,1.51,0.151787416,0.191354147,0.230920877,,,,1.51,0.039869314,0.061677656,0.083485997,,,
1.52,0.993663612,0.997927508,1,,,,1.52,0.154035764,0.193679933,0.233324102,,,,1.52,0.040836968,0.062817783,0.084798598,,,
1.53,0.994032044,0.998076215,1,,,,1.53,0.156295032,0.196014232,0.235733432,,,,1.53,0.041817832,0.063969989,0.086122146,,,
1.54,0.994378894,0.998214215,1,,,,1.54,0.158565102,0.198357031,0.23814896,,,,1.54,0.042811921,0.06513431,0.087456699,,,
1.55,0.994705425,0.998342276,1,,,,1.55,0.160845852,0.200708311,0.240570771,,,,1.55,0.043819247,0.06631078,0.088802312,,,
1.56,0.995012827,0.998461108,1,,,,1.56,0.163137154,0.203068051,0.242998947,,,,1.56,0.044839818,0.067499429,0.090159041,,,
1.57,0.995302225,0.998571376,1,,,,1.57,0.165438875,0.205436221,0.245433568,,,,1.57,0.045873636,0.068700288,0.09152694,,,
1.58,0.995574675,0.998673695,1,,,,1.58,0.167750874,0.20781279,0.247874705,,,,1.58,0.046920703,0.069913383,0.092906063,,,
1.59,0.995831175,0.998768638,1,,,,1.59,0.170073008,0.210197719,0.25032243,,,,1.59,0.047981015,0.071138739,0.094296463,,,
1.6,0.996072664,0.998856737,1,,,,1.6,0.172405126,0.212590967,0.252776808,,,,1.6,0.049054564,0.072376378,0.095698191,,,
1.61,0.996300026,0.998938487,1,,,,1.61,0.174747074,0.214992489,0.255237903,,,,1.61,0.050141339,0.07362632,0.097111301,,,
1.62,0.996514094,0.999014345,1,,,,1.62,0.177098691,0.217402233,0.257705776,,,,1.62,0.051241324,0.074888583,0.098535842,,,
1.63,0.996715652,0.999084738,1,,,,1.63,0.179459813,0.219820147,0.260180482,,,,1.63,0.052354499,0.076163183,0.099971866,,,
1.64,0.996905437,0.999150061,1,,,,1.64,0.18183027,0.222246173,0.262662076,,,,1.64,0.053480843,0.077450133,0.101419424,,,
1.65,0.997084143,0.999210682,1,,,,1.65,0.18420989,0.224680249,0.265150609,,,,1.65,0.054620326,0.078749445,0.102878564,,,
1.66,0.997252425,0.999266941,1,,,,1.66,0.186598493,0.227122312,0.267646131,,,,1.66,0.055772917,0.080061128,0.104349338,,,
1.67,0.997410897,0.999319154,1,,,,1.67,0.188995899,0.229572293,0.270148687,,,,1.67,0.056938582,0.081385188,0.105831794,,,
1.68,0.997560137,0.999367614,1,,,,1.68,0.19140192,0.232030121,0.272658323,,,,1.68,0.058117279,0.082721631,0.107325983,,,
1.69,0.99770069,0.999412593,1,,,,1.69,0.193816367,0.234495723,0.27517508,,,,1.69,0.059308966,0.084070459,0.108831952,,,
1.7,0.997833067,0.999454342,1,,,,1.7,0.196239046,0.236969022,0.277698998,,,,1.7,0.060513594,0.085431673,0.110349753,,,
1.71,0.997957749,0.999493097,1,,,,1.71,0.198669761,0.239449939,0.280230117,,,,1.71,0.061731111,0.086805272,0.111879433,,,
1.72,0.99807519,0.999529074,1,,,,1.72,0.20110831,0.241938391,0.282768471,,,,1.72,0.062961461,0.088191252,0.113421042,,,
1.73,0.998185814,0.999562473,1,,,,1.73,0.203554491,0.244434294,0.285314097,,,,1.73,0.064204584,0.089589607,0.11497463,,,
1.74,0.998290024,0.999593482,1,,,,1.74,0.206008096,0.246937561,0.287867026,,,,1.74,0.065460415,0.09100033,0.116540245,,,
1.75,0.998388196,0.999622273,1,,,,1.75,0.208468917,0.249448104,0.29042729,,,,1.75,0.066728885,0.092423411,0.118117938,,,
1.76,0.998480683,0.999649007,1,,,,1.76,0.210936742,0.25196583,0.292994918,,,,1.76,0.068009922,0.093858839,0.119707757,,,
1.77,0.99856782,0.999673832,1,,,,1.77,0.213411356,0.254490648,0.295569939,,,,1.77,0.069303449,0.095306601,0.121309752,,,
1.78,0.998649919,0.999696886,1,,,,1.78,0.215892543,0.257022461,0.298152379,,,,1.78,0.070609385,0.09676668,0.122923974,,,
1.79,0.998727276,0.999718296,1,,,,1.79,0.218380084,0.259561173,0.300742263,,,,1.79,0.071927645,0.098239059,0.124550472,,,
1.8,0.998800168,0.999738182,1,,,,1.8,0.220873757,0.262106685,0.303339613,,,,1.8,0.073258141,0.099723718,0.126189296,,,
1.81,0.998868856,0.999756653,1,,,,1.81,0.223373341,0.264658896,0.305944452,,,,1.81,0.074600778,0.101220637,0.127840496,,,
1.82,0.998933586,0.99977381,1,,,,1.82,0.225878611,0.267217705,0.3085568,,,,1.82,0.075955461,0.102729792,0.129504123,,,
1.83,0.998994587,0.999789749,1,,,,1.83,0.228389342,0.269783008,0.311176674,,,,1.83,0.077322088,0.104251158,0.131180228,,,
1.84,0.999052079,0.999804556,1,,,,1.84,0.230905307,0.2723547,0.313804092,,,,1.84,0.078700554,0.105784707,0.13286886,,,
1.85,0.999106264,0.999818313,1,,,,1.85,0.233426278,0.274932674,0.316439069,,,,1.85,0.080090752,0.107330412,0.134570072,,,
1.86,0.999157336,0.999831096,1,,,,1.86,0.235952027,0.277516822,0.319081618,,,,1.86,0.081492569,0.108888241,0.136283912,,,
1.87,0.999205475,0.999842973,1,,,,1.87,0.238482323,0.280107037,0.32173175,,,,1.87,0.082905889,0.110458161,0.138010433,,,
1.88,0.999250851,0.99985401,1,,,,1.88,0.241016938,0.282703207,0.324389476,,,,1.88,0.084330592,0.112040138,0.139749684,,,
1.89,0.999293625,0.999864267,1,,,,1.89,0.24355564,0.285305221,0.327054802,,,,1.89,0.085766555,0.113634136,0.141501717,,,
1.9,0.999333948,0.999873799,1,,,,1.9,0.2460982,0.287912967,0.329727734,,,,1.9,0.087213652,0.115240117,0.143266582,,,
1.91,0.999371962,0.999882659,1,,,,1.91,0.248644387,0.290526332,0.332408276,,,,1.91,0.088671753,0.116858041,0.145044329,,,
1.92,0.999407799,0.999890894,1,,,,1.92,0.251193971,0.2931452,0.33509643,,,,1.92,0.090140724,0.118487866,0.146835008,,,
1.93,0.999441587,0.999898548,1,,,,1.93,0.253746723,0.295769458,0.337792193,,,,1.93,0.091620428,0.120129549,0.14863867,,,
1.94,0.999473443,0.999905663,1,,,,1.94,0.256302412,0.298398988,0.340495564,,,,1.94,0.093110727,0.121783045,0.150455362,,,
1.95,0.999503479,0.999912278,1,,,,1.95,0.258860812,0.301033674,0.343206536,,,,1.95,0.094611478,0.123448307,0.152285135,,,
1.96,0.999531799,0.999918427,1,,,,1.96,0.261421694,0.303673397,0.345925101,,,,1.96,0.096122535,0.125125286,0.154128037,,,
1.97,0.999558504,0.999924144,1,,,,1.97,0.263984832,0.30631804,0.348651248,,,,1.97,0.097643749,0.126813932,0.155984114,,,
1.98,0.999583684,0.999929459,1,,,,1.98,0.266550001,0.308967482,0.351384963,,,,1.98,0.099174971,0.128514193,0.157853415,,,
1.99,0.99960743,0.999934401,1,,,,1.99,0.269116979,0.311621605,0.35412623,,,,1.99,0.100716045,0.130226015,0.159735985,,,
2,0.999629822,0.999938996,1,,,,2,0.271685543,0.314280286,0.35687503,,,,2,0.102266817,0.131949343,0.161631869,,,
2.01,0.999650938,0.999943269,1,,,,2.01,0.274255473,0.316943406,0.35963134,,,,2.01,0.103827128,0.13368412,0.163541111,,,
2.02,0.999670852,0.999947242,1,,,,2.02,0.276826551,0.319610843,0.362395135,,,,2.02,0.105396818,0.135430286,0.165463755,,,
2.03,0.999689633,0.999950937,1,,,,2.03,0.279398562,0.322282473,0.365166385,,,,2.03,0.106975724,0.137187783,0.167399842,,,
2.04,0.999707345,0.999954372,1,,,,2.04,0.281971292,0.324958175,0.367945059,,,,2.04,0.108563682,0.138956547,0.169349412,,,
2.05,0.999724049,0.999957568,1,,,,2.05,0.28454453,0.327637825,0.37073112,,,,2.05,0.110160527,0.140736516,0.171312504,,,
2.06,0.999739805,0.999960539,1,,,,2.06,0.287118068,0.330321299,0.373524531,,,,2.06,0.11176609,0.142527623,0.173289156,,,
2.07,0.999754664,0.999963302,1,,,,2.07,0.289691701,0.333008474,0.376325247,,,,2.07,0.113380204,0.144329803,0.175279401,,,
2.08,0.99976868,0.999965872,1,,,,2.08,0.292265225,0.335699224,0.379133223,,,,2.08,0.115002697,0.146142986,0.177283275,,,
2.09,0.999781899,0.999968263,1,,,,2.09,0.294838442,0.338393425,0.381948408,,,,2.09,0.116633399,0.147967103,0.179300808,,,
2.1,0.999794368,0.999970486,1,,,,2.1,0.297411155,0.341090952,0.384770749,,,,2.1,0.118272137,0.149802083,0.18133203,,,
2.11,0.999806129,0.999972554,1,,,,2.11,0.29998317,0.343791679,0.387600187,,,,2.11,0.119918738,0.151647853,0.183376967,,,
2.12,0.999817222,0.999974477,1,,,,2.12,0.3025543,0.34649548,0.390436661,,,,2.12,0.12157303,0.153504337,0.185435644,,,
2.13,0.999827686,0.999976265,1,,,,2.13,0.305124356,0.34920223,0.393280104,,,,2.13,0.123234838,0.15537146,0.187508083,,,
2.14,0.999837555,0.999977929,1,,,,2.14,0.307693157,0.351911802,0.396130446,,,,2.14,0.124903987,0.157249145,0.189594304,,,
2.15,0.999846865,0.999979476,1,,,,2.15,0.310260524,0.354624069,0.398987614,,,,2.15,0.126580303,0.159137313,0.191694322,,,
2.16,0.999855647,0.999980915,1,,,,2.16,0.312826282,0.357338906,0.401851529,,,,2.16,0.128263613,0.161035882,0.193808151,,,
2.17,0.999863931,0.999982254,1,,,,2.17,0.315390261,0.360056184,0.404722108,,,,2.17,0.129953742,0.162944772,0.195935802,,,
2.18,0.999871744,0.999983499,1,,,,2.18,0.317952293,0.362775778,0.407599264,,,,2.18,0.131650515,0.164863899,0.198077282,,,
2.19,0.999879114,0.999984657,1,,,,2.19,0.320512214,0.365497561,0.410482907,,,,2.19,0.133353761,0.166793178,0.200232595,,,
2.2,0.999886066,0.999985734,1,,,,2.2,0.323069867,0.368221404,0.413372941,,,,2.2,0.135063306,0.168732523,0.202401741,,,
2.21,0.999892624,0.999986735,1,,,,2.21,0.325625096,0.370947181,0.416269266,,,,2.21,0.136778978,0.170681847,0.204584717,,,
2.22,0.999898809,0.999987667,1,,,,2.22,0.32817775,0.373674764,0.419171779,,,,2.22,0.138500607,0.172641061,0.206781516,,,
2.23,0.999904644,0.999988534,1,,,,2.23,0.330727683,0.376404027,0.422080371,,,,2.23,0.140228023,0.174610075,0.208992127,,,
2.24,0.999910147,0.99998934,1,,,,2.24,0.333274753,0.379134842,0.42499493,,,,2.24,0.141961057,0.176588797,0.211216536,,,
2.25,0.999915338,0.999990089,1,,,,2.25,0.335818822,0.381867081,0.42791534,,,,2.25,0.143699543,0.178577134,0.213454725,,,
2.26,0.999920233,0.999990786,1,,,,2.26,0.338359755,0.384600618,0.43084148,,,,2.26,0.145443315,0.180574993,0.215706671,,,
2.27,0.999924851,0.999991434,1,,,,2.27,0.340897424,0.387335324,0.433773225,,,,2.27,0.147192209,0.182582277,0.217972346,,,
2.28,0.999929206,0.999992037,1,,,,2.28,0.343431702,0.390071074,0.436710446,,,,2.28,0.148946063,0.184598891,0.22025172,,,
2.29,0.999933313,0.999992598,1,,,,2.29,0.345962468,0.392807739,0.43965301,,,,2.29,0.150704716,0.186624737,0.222544758,,,
2.3,0.999937187,0.99999312,1,,,,2.3,0.348489605,0.395545193,0.442600781,,,,2.3,0.15246801,0.188659714,0.224851419,,,
2.31,0.99994084,0.999993604,1,,,,2.31,0.351013001,0.398283309,0.445553617,,,,2.31,0.154235789,0.190703724,0.22717166,,,
2.32,0.999944285,0.999994055,1,,,,2.32,0.353532546,0.40102196,0.448511374,,,,2.32,0.156007898,0.192756665,0.229505431,,,
2.33,0.999947533,0.999994475,1,,,,2.33,0.356048135,0.403761019,0.451473903,,,,2.33,0.157784186,0.194818433,0.23185268,,,
2.34,0.999950597,0.999994865,1,,,,2.34,0.358559668,0.406500361,0.454441053,,,,2.34,0.159564503,0.196888925,0.234213347,,,
2.35,0.999953485,0.999995227,1,,,,2.35,0.361067048,0.409239858,0.457412668,,,,2.35,0.161348702,0.198968037,0.236587372,,,
2.36,0.999956209,0.999995564,1,,,,2.36,0.363570182,0.411979385,0.460388589,,,,2.36,0.163136638,0.201055662,0.238974686,,,
2.37,0.999958777,0.999995878,1,,,,2.37,0.36606898,0.414718817,0.463368654,,,,2.37,0.164928169,0.203151694,0.241375218,,,
2.38,0.999961197,0.999996169,1,,,,2.38,0.368563357,0.417458027,0.466352697,,,,2.38,0.166723155,0.205256023,0.243788891,,,
2.39,0.99996348,0.99999644,1,,,,2.39,0.371053232,0.42019689,0.469340549,,,,2.39,0.168521459,0.207368542,0.246215624,,,
2.4,0.999965631,0.999996692,1,,,,2.4,0.373538526,0.422935282,0.472332038,,,,2.4,0.170322947,0.209489139,0.248655331,,,
2.41,0.999967659,0.999996926,1,,,,2.41,0.376019165,0.425673077,0.47532699,,,,2.41,0.172127486,0.211617704,0.251107921,,,
2.42,0.99996957,0.999997144,1,,,,2.42,0.378495076,0.428410152,0.478325227,,,,2.42,0.173934949,0.213754124,0.253573299,,,
2.43,0.999971372,0.999997346,1,,,,2.43,0.380966194,0.431146381,0.481326569,,,,2.43,0.175745207,0.215898286,0.256051364,,,
2.44,0.99997307,0.999997534,1,,,,2.44,0.383432451,0.433881642,0.484330833,,,,2.44,0.177558139,0.218050076,0.258542014,,,
2.45,0.99997467,0.999997709,1,,,,2.45,0.385893789,0.436615811,0.487337834,,,,2.45,0.179373622,0.22020938,0.261045138,,,
2.46,0.999976177,0.999997872,1,,,,2.46,0.388350147,0.439348765,0.490347384,,,,2.46,0.18119154,0.222376081,0.263560623,,,
2.47,0.999977598,0.999998023,1,,,,2.47,0.39080147,0.442080382,0.493359294,,,,2.47,0.183011775,0.224550063,0.266088351,,,
2.48,0.999978936,0.999998163,1,,,,2.48,0.393247706,0.444810538,0.496373371,,,,2.48,0.184834217,0.226731208,0.268628199,,,
2.49,0.999980196,0.999998294,1,,,,2.49,0.395688805,0.447539114,0.499389422,,,,2.49,0.186658754,0.228919398,0.271180042,,,
2.5,0.999981384,0.999998415,1,,,,2.5,0.398124721,0.450265986,0.502407251,,,,2.5,0.188485279,0.231114513,0.273743747,,,
2.51,0.999982502,0.999998528,1,,,,2.51,0.400555407,0.452991034,0.505426661,,,,2.51,0.190313689,0.233316434,0.276319179,,,
2.52,0.999983556,0.999998633,1,,,,2.52,0.402980824,0.455714139,0.508447454,,,,2.52,0.19214388,0.23552504,0.2789062,,,
2.53,0.999984548,0.99999873,1,,,,2.53,0.40540093,0.458435179,0.511469428,,,,2.53,0.193975753,0.237740209,0.281504665,,,
2.54,0.999985482,0.999998821,1,,,,2.54,0.407815688,0.461154036,0.514492383,,,,2.54,0.195809212,0.23996182,0.284114428,,,
2.55,0.999986361,0.999998905,1,,,,2.55,0.410225065,0.46387059,0.517516115,,,,2.55,0.197644162,0.242189749,0.286735336,,,
2.56,0.999987189,0.999998983,1,,,,2.56,0.412629026,0.466584723,0.520540421,,,,2.56,0.199480511,0.244423874,0.289367236,,,
2.57,0.999987968,0.999999056,1,,,,2.57,0.41502754,0.469296318,0.523565095,,,,2.57,0.20131817,0.246664069,0.292009968,,,
2.58,0.999988701,0.999999123,1,,,,2.58,0.417420579,0.472005256,0.526589933,,,,2.58,0.203157053,0.248910211,0.294663369,,,
2.59,0.999989392,0.999999186,1,,,,2.59,0.419808116,0.474711422,0.529614728,,,,2.59,0.204997073,0.251162174,0.297327275,,,
2.6,0.999990041,0.999999244,1,,,,2.6,0.422190126,0.477414699,0.532639273,,,,2.6,0.206838149,0.253419832,0.300001516,,,
2.61,0.999990652,0.999999298,1,,,,2.61,0.424566584,0.480114972,0.53566336,,,,2.61,0.2086802,0.255683059,0.302685919,,,
2.62,0.999991227,0.999999348,1,,,,2.62,0.426937468,0.482812125,0.538686782,,,,2.62,0.210523149,0.257951729,0.305380308,,,
2.63,0.999991768,0.999999395,1,,,,2.63,0.429302759,0.485506044,0.54170933,,,,2.63,0.21236692,0.260225713,0.308084505,,,
2.64,0.999992277,0.999999438,1,,,,2.64,0.431662436,0.488196617,0.544730797,,,,2.64,0.214211438,0.262504883,0.310798329,,,
2.65,0.999992754,0.999999479,1,,,,2.65,0.434016483,0.490883728,0.547750974,,,,2.65,0.216056632,0.264789113,0.313521593,,,
2.66,0.999993204,0.999999516,1,,,,2.66,0.436364883,0.493567268,0.550769653,,,,2.66,0.217902432,0.267078272,0.316254112,,,
2.67,0.999993627,0.999999551,1,,,,2.67,0.43870762,0.496247122,0.553786625,,,,2.67,0.21974877,0.269372233,0.318995695,,,
2.68,0.999994024,0.999999583,1,,,,2.68,0.441044681,0.498923182,0.556801683,,,,2.68,0.22159558,0.271670865,0.321746149,,,
2.69,0.999994398,0.999999613,1,,,,2.69,0.443376052,0.501595336,0.559814619,,,,2.69,0.223442797,0.273974039,0.32450528,,,
2.7,0.999994749,0.999999641,1,,,,2.7,0.445701723,0.504263474,0.562825226,,,,2.7,0.225290358,0.276281624,0.32727289,,,
2.71,0.999995078,0.999999667,1,,,,2.71,0.44802168,0.506927489,0.565833298,,,,2.71,0.227138203,0.278593491,0.33004878,,,
2.72,0.999995389,0.999999691,1,,,,2.72,0.450335916,0.509587272,0.568838628,,,,2.72,0.228986272,0.28090951,0.332832747,,,
2.73,0.999995679,0.999999713,1,,,,2.73,0.45264442,0.512242715,0.571841011,,,,2.73,0.230834506,0.283229548,0.33562459,,,
2.74,0.999995953,0.999999734,1,,,,2.74,0.454947184,0.514893713,0.574840242,,,,2.74,0.232682849,0.285553475,0.338424101,,,
2.75,0.999996209,0.999999753,1,,,,2.75,0.457244199,0.517540159,0.577836118,,,,2.75,0.234531247,0.287881161,0.341231074,,,
2.76,0.99999645,0.999999771,1,,,,2.76,0.45953546,0.520181948,0.580828435,,,,2.76,0.236379645,0.290212473,0.3440453,,,
2.77,0.999996677,0.999999787,1,,,,2.77,0.46182096,0.522818976,0.583816991,,,,2.77,0.23822799,0.29254728,0.346866569,,,
2.78,0.999996889,0.999999803,1,,,,2.78,0.464100693,0.52545114,0.586801587,,,,2.78,0.240076232,0.29488545,0.349694668,,,
2.79,0.999997088,0.999999817,1,,,,2.79,0.466374653,0.528078337,0.589782021,,,,2.79,0.241924321,0.297226853,0.352529385,,,
2.8,0.999997274,0.99999983,1,,,,2.8,0.468642836,0.530700466,0.592758096,,,,2.8,0.243772207,0.299571355,0.355370504,,,
2.81,0.99999745,0.999999842,1,,,,2.81,0.470905237,0.533317425,0.595729613,,,,2.81,0.245619842,0.301918826,0.358217811,,,
2.82,0.999997615,0.999999854,1,,,,2.82,0.473161852,0.535929115,0.598696378,,,,2.82,0.24746718,0.304269134,0.361071088,,,
2.83,0.999997769,0.999999864,1,,,,2.83,0.475412679,0.538535437,0.601658194,,,,2.83,0.249314175,0.306622147,0.363930118,,,
2.84,0.999997914,0.999999874,1,,,,2.84,0.477657713,0.541136291,0.60461487,,,,2.84,0.251160782,0.308977732,0.366794683,,,
2.85,0.99999805,0.999999883,1,,,,2.85,0.479896952,0.543731582,0.607566212,,,,2.85,0.253006956,0.311335759,0.369664563,,,
2.86,0.999998177,0.999999892,1,,,,2.86,0.482130393,0.546321212,0.610512031,,,,2.86,0.254852656,0.313696097,0.372539538,,,
2.87,0.999998296,0.9999999,1,,,,2.87,0.484358033,0.548905086,0.613452138,,,,2.87,0.256697837,0.316058613,0.375419388,,,
2.88,0.999998407,0.999999907,1,,,,2.88,0.486579872,0.551483109,0.616386346,,,,2.88,0.258542459,0.318423176,0.378303892,,,
2.89,0.999998511,0.999999914,1,,,,2.89,0.488795906,0.554055188,0.61931447,,,,2.89,0.260386481,0.320789655,0.381192829,,,
2.9,0.999998609,0.99999992,1,,,,2.9,0.491006134,0.556621229,0.622236325,,,,2.9,0.262229863,0.32315792,0.384085977,,,
2.91,0.999998701,0.999999926,1,,,,2.91,0.493210554,0.559181141,0.625151729,,,,2.91,0.264072564,0.325527839,0.386983114,,,
2.92,0.999998788,0.999999931,1,,,,2.92,0.495409164,0.561734833,0.628060503,,,,2.92,0.265914546,0.327899282,0.389884018,,,
2.93,0.999998869,0.999999936,1,,,,2.93,0.497601964,0.564282216,0.630962467,,,,2.93,0.26775577,0.330272119,0.392788467,,,
2.94,0.999998944,0.999999941,1,,,,2.94,0.499788952,0.566823199,0.633857446,,,,2.94,0.269596199,0.33264622,0.39569624,,,
2.95,0.999999014,0.999999945,1,,,,2.95,0.501970126,0.569357695,0.636745265,,,,2.95,0.271435795,0.335021455,0.398607115,,,
2.96,0.99999908,0.999999949,1,,,,2.96,0.504145486,0.571885618,0.63962575,,,,2.96,0.273274521,0.337397695,0.401520869,,,
2.97,0.999999142,0.999999953,1,,,,2.97,0.50631503,0.574406881,0.642498732,,,,2.97,0.275112341,0.339774811,0.404437281,,,
2.98,0.999999199,0.999999956,1,,,,2.98,0.508478757,0.576921399,0.645364041,,,,2.98,0.276949218,0.342152674,0.407356131,,,
2.99,0.999999255,0.99999996,1,,,,2.99,0.510636665,0.579429088,0.648221511,,,,2.99,0.278785117,0.344531157,0.410277198,,,
3,0.999999305,0.999999963,1,,,,3,0.512788755,0.581929865,0.651070976,,,,3,0.280620002,0.346910131,0.413200261,,,
3.01,0.999999352,0.999999965,1,,,,3.01,0.514935023,0.584423649,0.653912275,,,,3.01,0.282453838,0.349289469,0.416125101,,,
3.02,0.999999395,0.999999968,1,,,,3.02,0.51707547,0.586910358,0.656745246,,,,3.02,0.28428659,0.351669045,0.419051499,,,
3.03,0.999999437,0.99999997,1,,,,3.03,0.519210093,0.589389913,0.659569732,,,,3.03,0.286118225,0.354048731,0.421979238,,,
3.04,0.999999475,0.999999972,1,,,,3.04,0.521338892,0.591862234,0.662385575,,,,3.04,0.287948707,0.356428403,0.424908098,,,
3.05,0.999999509,0.999999974,1,,,,3.05,0.523461865,0.594327244,0.665192622,,,,3.05,0.289778003,0.358807934,0.427837865,,,
3.06,0.999999546,0.999999976,1,,,,3.06,0.525579011,0.596784866,0.667990721,,,,3.06,0.291606079,0.3611872,0.430768321,,,
3.07,0.999999575,0.999999978,1,,,,3.07,0.527690327,0.599235025,0.670779723,,,,3.07,0.293432901,0.363566077,0.433699252,,,
3.08,0.999999606,0.99999998,1,,,,3.08,0.529795813,0.601677646,0.673559478,,,,3.08,0.295258436,0.36594444,0.436630444,,,
3.09,0.999999634,0.999999981,1,,,,3.09,0.531895466,0.604112655,0.676329843,,,,3.09,0.29708265,0.368322168,0.439561685,,,
3.1,0.999999655,0.999999983,1,,,,3.1,0.533989285,0.60653998,0.679090674,,,,3.1,0.298905511,0.370699137,0.442492763,,,
3.11,0.999999682,0.999999984,1,,,,3.11,0.536077268,0.608959549,0.681841831,,,,3.11,0.300726985,0.373075226,0.445423467,,,
3.12,0.999999705,0.999999985,1,,,,3.12,0.538159412,0.611371293,0.684583174,,,,3.12,0.302547039,0.375450314,0.448353588,,,
3.13,0.999999724,0.999999986,1,,,,3.13,0.540235716,0.613775142,0.687314568,,,,3.13,0.304365641,0.37782428,0.451282918,,,
3.14,0.999999746,0.999999987,1,,,,3.14,0.542306177,0.616171028,0.690035879,,,,3.14,0.306182758,0.380197004,0.454211251,,,
3.15,0.999999762,0.999999988,1,,,,3.15,0.544370793,0.618558884,0.692746975,,,,3.15,0.307998357,0.382568369,0.457138381,,,
3.16,0.999999776,0.999999989,1,,,,3.16,0.546429561,0.620938644,0.695447727,,,,3.16,0.309812405,0.384938254,0.460064104,,,
3.17,0.999999794,0.99999999,1,,,,3.17,0.548482478,0.623310243,0.698138007,,,,3.17,0.31162487,0.387306544,0.462988218,,,
3.18,0.999999809,0.999999991,1,,,,3.18,0.550529543,0.625673617,0.700817692,,,,3.18,0.31343572,0.389673121,0.465910522,,,
3.19,0.999999829,0.999999991,1,,,,3.19,0.552570752,0.628028705,0.703486658,,,,3.19,0.315244921,0.392037869,0.468830816,,,
3.2,0.999999832,0.999999992,1,,,,3.2,0.554606102,0.630375444,0.706144786,,,,3.2,0.317052441,0.394400673,0.471748904,,,
3.21,0.99999985,0.999999993,1,,,,3.21,0.556635589,0.632713774,0.708791959,,,,3.21,0.318858249,0.396761419,0.474664589,,,
3.22,0.999999862,0.999999993,1,,,,3.22,0.558659212,0.635043636,0.711428061,,,,3.22,0.32066231,0.399119993,0.477577676,,,
3.23,0.999999861,0.999999994,1,,,,3.23,0.560676966,0.637364972,0.714052979,,,,3.23,0.322464594,0.401476283,0.480487973,,,
3.24,0.999999874,0.999999994,1,,,,3.24,0.562688847,0.639677725,0.716666602,,,,3.24,0.324265067,0.403830178,0.483395288,,,
3.25,0.999999888,0.999999995,1,,,,3.25,0.564694853,0.641981838,0.719268823,,,,3.25,0.326063697,0.406181565,0.486299434,,,
3.26,0.99999989,0.999999995,1,,,,3.26,0.56669498,0.644277258,0.721859536,,,,3.26,0.327860451,0.408530336,0.489200222,,,
3.27,0.999999908,0.999999995,1,,,,3.27,0.568689223,0.64656393,0.724438637,,,,3.27,0.329655296,0.410876382,0.492097467,,,
3.28,0.999999918,0.999999996,1,,,,3.28,0.570677578,0.648841802,0.727006025,,,,3.28,0.331448201,0.413219593,0.494990985,,,
3.29,0.999999932,0.999999996,1,,,,3.29,0.572660043,0.651110822,0.729561602,,,,3.29,0.333239133,0.415559864,0.497880595,,,
3.3,0.999999931,0.999999996,1,,,,3.3,0.574636612,0.653370941,0.73210527,,,,3.3,0.335028058,0.417897088,0.500766117,,,
3.31,0.999999928,0.999999997,1,,,,3.31,0.576607281,0.655622109,0.734636938,,,,3.31,0.336814945,0.420231159,0.503647373,,,
3.32,0.99999994,0.999999997,1,,,,3.32,0.578572046,0.657864279,0.737156511,,,,3.32,0.33859976,0.422561974,0.506524187,,,
3.33,0.99999993,0.999999997,1,,,,3.33,0.580530902,0.660097402,0.739663903,,,,3.33,0.340382471,0.424889429,0.509396386,,,
3.34,0.999999951,0.999999997,1,,,,3.34,0.582483845,0.662321435,0.742159024,,,,3.34,0.342163045,0.427213422,0.512263799,,,
3.35,0.999999952,0.999999998,1,,,,3.35,0.58443087,0.664536331,0.744641792,,,,3.35,0.34394145,0.429533852,0.515126254,,,
3.36,0.999999952,0.999999998,1,,,,3.36,0.586371972,0.666742048,0.747112123,,,,3.36,0.345717652,0.431850619,0.517983585,,,
3.37,0.99999998,0.999999998,1,,,,3.37,0.588307147,0.668938543,0.749569938,,,,3.37,0.347491618,0.434163623,0.520835627,,,
3.38,0.999999972,0.999999998,1,,,,3.38,0.590236389,0.671125774,0.75201516,,,,3.38,0.349263316,0.436472766,0.523682216,,,
3.39,0.999999951,0.999999998,1,,,,3.39,0.592159693,0.673303703,0.754447713,,,,3.39,0.351032713,0.438777952,0.526523191,,,
3.4,0.999999977,0.999999998,1,,,,3.4,0.594077054,0.675472289,0.756867524,,,,3.4,0.352799776,0.441079084,0.529358392,,,
3.41,0.999999998,0.999999998,0.999999998,,,,3.41,0.595988467,0.677631495,0.759274522,,,,3.41,0.354564471,0.443376068,0.532187664,,,
3.42,0.999999953,0.999999999,1,,,,3.42,0.597893927,0.679781284,0.761668641,,,,3.42,0.356326766,0.445668809,0.535010852,,,
3.43,0.999999988,0.999999999,1,,,,3.43,0.599793427,0.68192162,0.764049812,,,,3.43,0.358086628,0.447957215,0.537827803,,,
3.44,0.999999999,0.999999999,0.999999999,,,,3.44,0.601686964,0.684052469,0.766417973,,,,3.44,0.359844023,0.450241195,0.540638368,,,
3.45,0.999999999,0.999999999,0.999999999,,,,3.45,0.603574531,0.686173797,0.768773063,,,,3.45,0.361598919,0.452520658,0.543442397,,,
3.46,0.999999973,0.999999999,1,,,,3.46,0.605456123,0.688285573,0.771115022,,,,3.46,0.363351282,0.454795514,0.546239746,,,
3.47,0.999999989,0.999999999,1,,,,3.47,0.607331734,0.690387764,0.773443793,,,,3.47,0.36510108,0.457065676,0.549030271,,,
3.48,0.999999969,0.999999999,1,,,,3.48,0.609201359,0.69248034,0.775759321,,,,3.48,0.366848279,0.459331055,0.551813832,,,
3.49,0.999999999,0.999999999,0.999999999,,,,3.49,0.611064991,0.694563273,0.778061555,,,,3.49,0.368592846,0.461591567,0.554590289,,,
3.5,0.999999999,0.999999999,0.999999999,,,,3.5,0.612922626,0.696636535,0.780350444,,,,3.5,0.370334748,0.463847127,0.557359505,,,
3.51,0.999999999,0.999999999,0.999999999,,,,3.51,0.614774256,0.698700098,0.782625939,,,,3.51,0.372073952,0.46609765,0.560121347,,,
3.52,0.999999999,0.999999999,0.999999999,,,,3.52,0.616619878,0.700753937,0.784887996,,,,3.52,0.373810426,0.468343054,0.562875682,,,
3.53,0.999999999,0.999999999,0.999999999,,,,3.53,0.618459484,0.702798027,0.78713657,,,,3.53,0.375544135,0.470583258,0.565622382,,,
3.54,0.999999999,0.999999999,0.999999999,,,,3.54,0.620293069,0.704832345,0.78937162,,,,3.54,0.377275047,0.472818182,0.568361318,,,
3.55,0.999999999,0.999999999,0.999999999,,,,3.55,0.622120627,0.706856867,0.791593107,,,,3.55,0.379003129,0.475047747,0.571092365,,,
3.56,1,1,1,,,,3.56,0.623942152,0.708871573,0.793800993,,,,3.56,0.380728348,0.477271874,0.573815401,,,
3.57,0.999999981,1,1,,,,3.57,0.625757638,0.710876441,0.795995244,,,,3.57,0.382450671,0.479490488,0.576530305,,,
3.58,0.999999979,1,1,,,,3.58,0.62756708,0.712871453,0.798175826,,,,3.58,0.384170065,0.481703512,0.57923696,,,
3.59,0.999999989,1,1,,,,3.59,0.629370471,0.71485659,0.800342708,,,,3.59,0.385886497,0.483910873,0.581935249,,,
3.6,1,1,1,,,,3.6,0.631167806,0.716831834,0.802495862,,,,3.6,0.387599936,0.486112498,0.584625059,,,
3.61,1,1,1,,,,3.61,0.632959079,0.71879717,0.804635261,,,,3.61,0.389310347,0.488308313,0.587306279,,,
3.62,1,1,1,,,,3.62,0.634744283,0.720752582,0.80676088,,,,3.62,0.391017699,0.49049825,0.5899788,,,
3.63,0.999999989,1,1,,,,3.63,0.636523414,0.722698056,0.808872697,,,,3.63,0.392721958,0.492682237,0.592642516,,,
3.64,0.999999985,1,1,,,,3.64,0.638296465,0.724633578,0.810970691,,,,3.64,0.394423093,0.494860207,0.595297322,,,
3.65,0.999999974,1,1,,,,3.65,0.64006343,0.726559137,0.813054843,,,,3.65,0.396121071,0.497032093,0.597943115,,,
3.66,0.999999974,1,1,,,,3.66,0.641824305,0.728474721,0.815125136,,,,3.66,0.39781586,0.499197829,0.600579798,,,
3.67,1,1,1,,,,3.67,0.643579082,0.730380319,0.817181556,,,,3.67,0.399507428,0.50135735,0.603207272,,,
3.68,1,1,1,,,,3.68,0.645327757,0.732275924,0.81922409,,,,3.68,0.401195743,0.503510592,0.605825442,,,
3.69,1,1,1,,,,3.69,0.647070324,0.734161526,0.821252727,,,,3.69,0.402880773,0.505657494,0.608434215,,,
3.7,1,1,1,,,,3.7,0.648806777,0.736037118,0.823267458,,,,3.7,0.404562485,0.507797993,0.611033501,,,
3.71,0.999999985,1,1,,,,3.71,0.650537112,0.737902693,0.825268275,,,,3.71,0.406240849,0.50993203,0.613623211,,,
3.72,0.999999982,1,1,,,,3.72,0.652261321,0.739758247,0.827255174,,,,3.72,0.407915834,0.512059547,0.61620326,,,
3.73,1,1,1,,,,3.73,0.653979401,0.741603776,0.82922815,,,,3.73,0.409587407,0.514180485,0.618773563,,,
3.74,0.999999985,1,1,,,,3.74,0.655691346,0.743439275,0.831187203,,,,3.74,0.411255537,0.516294788,0.62133404,,,
3.75,1,1,1,,,,3.75,0.657397151,0.745264741,0.833132332,,,,3.75,0.412920194,0.518402402,0.62388461,,,
3.76,1,1,1,,,,3.76,0.65909681,0.747080175,0.835063539,,,,3.76,0.414581346,0.520503271,0.626425196,,,
3.77,1,1,1,,,,3.77,0.66079032,0.748885574,0.836980828,,,,3.77,0.416238964,0.522597344,0.628955724,,,
3.78,1,1,1,,,,3.78,0.662477673,0.750680939,0.838884205,,,,3.78,0.417893016,0.524684568,0.63147612,,,
3.79,0.999999972,1,1,,,,3.79,0.664158867,0.752466271,0.840773676,,,,3.79,0.419543472,0.526764893,0.633986314,,,
3.8,1,1,1,,,,3.8,0.665833896,0.754241573,0.84264925,,,,3.8,0.421190302,0.52883827,0.636486238,,,
3.81,1,1,1,,,,3.81,0.667502756,0.756006847,0.844510937,,,,3.81,0.422833476,0.53090465,0.638975825,,,
3.82,1,1,1,,,,3.82,0.669165442,0.757762096,0.84635875,,,,3.82,0.424472964,0.532963987,0.64145501,,,
3.83,1,1,1,,,,3.83,0.67082195,0.759507326,0.848192703,,,,3.83,0.426108738,0.535016235,0.643923733,,,
3.84,0.999999979,1,1,,,,3.84,0.672472275,0.761242543,0.85001281,,,,3.84,0.427740767,0.537061349,0.646381932,,,
3.85,0.999999989,1,1,,,,3.85,0.674116414,0.762967751,0.851819089,,,,3.85,0.429369023,0.539099286,0.64882955,,,
3.86,0.999999967,1,1,,,,3.86,0.675754362,0.76468296,0.853611557,,,,3.86,0.430993476,0.541130003,0.65126653,,,
3.87,0.999999982,1,1,,,,3.87,0.677386116,0.766388176,0.855390236,,,,3.87,0.432614099,0.543153459,0.65369282,,,
3.88,0.999999968,1,1,,,,3.88,0.679011672,0.768083409,0.857155146,,,,3.88,0.434230862,0.545169615,0.656108367,,,
3.89,1,1,1,,,,3.89,0.680631026,0.769768668,0.858906311,,,,3.89,0.435843739,0.54717843,0.658513121,,,
3.9,1,1,1,,,,3.9,0.682244175,0.771443964,0.860643754,,,,3.9,0.4374527,0.549179867,0.660907034,,,
3.91,1,1,1,,,,3.91,0.683851116,0.773109309,0.862367502,,,,3.91,0.439057719,0.55117389,0.663290062,,,
3.92,0.999999985,1,1,,,,3.92,0.685451844,0.774764713,0.864077582,,,,3.92,0.440658768,0.553160464,0.665662159,,,
3.93,0.999999976,1,1,,,,3.93,0.687046359,0.776410191,0.865774022,,,,3.93,0.44225582,0.555139552,0.668023284,,,
3.94,0.999999962,1,1,,,,3.94,0.688634656,0.778045755,0.867456854,,,,3.94,0.443848849,0.557111123,0.670373397,,,
3.95,1,1,1,,,,3.95,0.690216733,0.77967142,0.869126107,,,,3.95,0.445437827,0.559075144,0.67271246,,,
3.96,1,1,1,,,,3.96,0.691792588,0.781287201,0.870781815,,,,3.96,0.447022729,0.561031583,0.675040437,,,
3.97,1,1,1,,,,3.97,0.693362218,0.782893115,0.872424012,,,,3.97,0.448603529,0.562980411,0.677357292,,,
3.98,1,1,1,,,,3.98,0.694925621,0.784489177,0.874052734,,,,3.98,0.450180202,0.564921598,0.679662994,,,
3.99,1,1,1,,,,3.99,0.696482795,0.786075405,0.875668016,,,,3.99,0.451752721,0.566855117,0.681957513,,,
4,1,1,1,,,,4,0.698033738,0.787651817,0.877269896,,,,4,0.453321063,0.56878094,0.684240818,,,
4.01,1,1,1,,,,4.01,0.69957845,0.789218432,0.878858414,,,,4.01,0.454885202,0.570699043,0.686512883,,,
4.02,1,1,1,,,,4.02,0.701116927,0.790775269,0.88043361,,,,4.02,0.456445114,0.572609399,0.688773683,,,
4.03,0.999999979,1,1,,,,4.03,0.70264917,0.792322348,0.881995525,,,,4.03,0.458000776,0.574511985,0.691023194,,,
4.04,0.999999974,1,1,,,,4.04,0.704175178,0.793859689,0.883544201,,,,4.04,0.459552163,0.576406779,0.693261395,,,
4.05,1,1,1,,,,4.05,0.705694948,0.795387315,0.885079682,,,,4.05,0.461099252,0.578293758,0.695488264,,,
4.06,1,1,1,,,,4.06,0.707208482,0.796905248,0.886602013,,,,4.06,0.46264202,0.580172902,0.697703783,,,
4.07,1,1,1,,,,4.07,0.708715777,0.798413509,0.88811124,,,,4.07,0.464180444,0.582044191,0.699907937,,,
4.08,1,1,1,,,,4.08,0.710216835,0.799912123,0.88960741,,,,4.08,0.465714503,0.583907606,0.702100709,,,
4.09,0.999999979,1,1,,,,4.09,0.711711656,0.801401112,0.891090569,,,,4.09,0.467244174,0.58576313,0.704282086,,,
4.1,0.999999974,1,1,,,,4.1,0.713200238,0.802880503,0.892560767,,,,4.1,0.468769436,0.587610746,0.706452055,,,
4.11,1,1,1,,,,4.11,0.714682584,0.804350319,0.894018055,,,,4.11,0.470290267,0.589450437,0.708610608,,,
4.12,1,1,1,,,,4.12,0.716158693,0.805810587,0.895462482,,,,4.12,0.471806646,0.59128219,0.710757734,,,
4.13,1,1,1,,,,4.13,0.717628566,0.807261333,0.8968941,,,,4.13,0.473318553,0.593105989,0.712893426,,,
4.14,1,1,1,,,,4.14,0.719092205,0.808702583,0.898312962,,,,4.14,0.474825968,0.594921823,0.715017679,,,
4.15,1,1,1,,,,4.15,0.720549611,0.810134366,0.899719121,,,,4.15,0.47632887,0.596729679,0.717130488,,,
4.16,1,1,1,,,,4.16,0.722000785,0.811556709,0.901112633,,,,4.16,0.477827241,0.598529545,0.71923185,,,
4.17,1,1,1,,,,4.17,0.723445729,0.81296964,0.902493551,,,,4.17,0.479321061,0.600321412,0.721321764,,,
4.18,1,1,1,,,,4.18,0.724884445,0.814373188,0.903861931,,,,4.18,0.480810311,0.602105271,0.72340023,,,
4.19,1,1,1,,,,4.19,0.726316935,0.815767384,0.905217832,,,,4.19,0.482294974,0.603881112,0.725467249,,,
4.2,1,1,1,,,,4.2,0.727743202,0.817152256,0.90656131,,,,4.2,0.483775031,0.605648928,0.727522824,,,
4.21,1,1,1,,,,4.21,0.729163249,0.818527836,0.907892423,,,,4.21,0.485250465,0.607408713,0.72956696,,,
4.22,1,1,1,,,,4.22,0.730577078,0.819894155,0.909211231,,,,4.22,0.486721259,0.60916046,0.731599661,,,
4.23,0.999999982,1,1,,,,4.23,0.731984693,0.821251243,0.910517793,,,,4.23,0.488187394,0.610904164,0.733620934,,,
4.24,1,1,1,,,,4.24,0.733386096,0.822599133,0.911812171,,,,4.24,0.489648857,0.612639822,0.735630788,,,
4.25,1,1,1,,,,4.25,0.734781292,0.823937858,0.913094424,,,,4.25,0.491105629,0.61436743,0.737629231,,,
4.26,0.999999985,1,1,,,,4.26,0.736170284,0.825267449,0.914364614,,,,4.26,0.492557696,0.616086985,0.739616275,,,
4.27,1,1,1,,,,4.27,0.737553077,0.826587941,0.915622805,,,,4.27,0.494005042,0.617798486,0.74159193,,,
4.28,1,1,1,,,,4.28,0.738929675,0.827899367,0.916869059,,,,4.28,0.495447653,0.619501932,0.743556211,,,
4.29,1,1,1,,,,4.29,0.740300082,0.829201761,0.918103439,,,,4.29,0.496885514,0.621197322,0.74550913,,,
4.3,1,1,1,,,,4.3,0.741664304,0.830495157,0.91932601,,,,4.3,0.498318611,0.622884657,0.747450704,,,
4.31,1,1,1,,,,4.31,0.743022344,0.831779591,0.920536837,,,,4.31,0.499746929,0.624563939,0.749380949,,,
4.32,0.999999976,1,1,,,,4.32,0.74437421,0.833055097,0.921735984,,,,4.32,0.501170457,0.62623517,0.751299882,,,
4.33,1,1,1,,,,4.33,0.745719906,0.834321711,0.922923517,,,,4.33,0.502589181,0.627898352,0.753207523,,,
4.34,1,1,1,,,,4.34,0.747059438,0.83557947,0.924099502,,,,4.34,0.504003088,0.629553489,0.75510389,,,
4.35,1,1,1,,,,4.35,0.748392812,0.836828409,0.925264007,,,,4.35,0.505412167,0.631200585,0.756989004,,,
4.36,1,1,1,,,,4.36,0.749720034,0.838068566,0.926417098,,,,4.36,0.506816405,0.632839646,0.758862888,,,
4.37,1,1,1,,,,4.37,0.751041111,0.839299977,0.927558842,,,,4.37,0.508215792,0.634470678,0.760725563,,,
4.38,1,1,1,,,,4.38,0.75235605,0.840522679,0.928689307,,,,4.38,0.509610316,0.636093685,0.762577055,,,
4.39,1,1,1,,,,4.39,0.753664858,0.841736711,0.929808563,,,,4.39,0.510999967,0.637708677,0.764417387,,,
4.4,0.999999979,1,1,,,,4.4,0.754967542,0.842942109,0.930916676,,,,4.4,0.512384735,0.63931566,0.766246585,,,
4.41,0.999999982,1,1,,,,4.41,0.75626411,0.844138914,0.932013717,,,,4.41,0.513764609,0.640914643,0.768064676,,,
4.42,1,1,1,,,,4.42,0.757554568,0.845327162,0.933099755,,,,4.42,0.515139582,0.642505635,0.769871688,,,
4.43,1,1,1,,,,4.43,0.758838926,0.846506893,0.934174859,,,,4.43,0.516509643,0.644088646,0.771667648,,,
4.44,1,1,1,,,,4.44,0.760117192,0.847678146,0.935239099,,,,4.44,0.517874785,0.645663685,0.773452586,,,
4.45,1,1,1,,,,4.45,0.761389374,0.84884096,0.936292546,,,,4.45,0.519234999,0.647230765,0.775226532,,,
4.46,1,1,1,,,,4.46,0.76265548,0.849995375,0.937335269,,,,4.46,0.520590277,0.648789896,0.776989516,,,
4.47,1,1,1,,,,4.47,0.76391552,0.85114143,0.93836734,,,,4.47,0.521940611,0.650341092,0.778741572,,,
4.48,1,1,1,,,,4.48,0.765169503,0.852279167,0.93938883,,,,4.48,0.523285996,0.651884363,0.78048273,,,
4.49,1,1,1,,,,4.49,0.766417439,0.853408624,0.940399809,,,,4.49,0.524626424,0.653419724,0.782213024,,,
4.5,0.999999989,1,1,,,,4.5,0.767659337,0.854529843,0.941400349,,,,4.5,0.525961889,0.654947189,0.783932489,,,
4.51,1,1,1,,,,4.51,0.768895206,0.855642864,0.942390522,,,,4.51,0.527292386,0.656466772,0.785641159,,,
4.52,0.999999989,1,1,,,,4.52,0.770125058,0.856747728,0.943370398,,,,4.52,0.528617908,0.657978489,0.787339069,,,
4.53,1,1,1,,,,4.53,0.771348903,0.857844477,0.944340051,,,,4.53,0.529938451,0.659482353,0.789026255,,,
4.54,1,1,1,,,,4.54,0.77256675,0.858933151,0.945299552,,,,4.54,0.53125401,0.660978383,0.790702755,,,
4.55,1,1,1,,,,4.55,0.773778612,0.860013792,0.946248972,,,,4.55,0.532564581,0.662466593,0.792368605,,,
4.56,1,1,1,,,,4.56,0.774984498,0.861086441,0.947188384,,,,4.56,0.53387016,0.663947002,0.794023844,,,
4.57,0.999999985,1,1,,,,4.57,0.776184422,0.862151141,0.948117861,,,,4.57,0.535170742,0.665419626,0.79566851,,,
4.58,1,1,1,,,,4.58,0.777378393,0.863207934,0.949037475,,,,4.58,0.536466326,0.666884485,0.797302643,,,
4.59,1,1,1,,,,4.59,0.778566424,0.86425686,0.949947297,,,,4.59,0.537756909,0.668341595,0.798926282,,,
4.6,0.999999985,1,1,,,,4.6,0.779748526,0.865297964,0.950847401,,,,4.6,0.539042487,0.669790977,0.800539467,,,
4.61,1,1,1,,,,4.61,0.780924713,0.866331286,0.951737859,,,,4.61,0.540323058,0.671232649,0.80214224,,,
4.62,1,1,1,,,,4.62,0.782094996,0.867356869,0.952618743,,,,4.62,0.541598622,0.672666632,0.803734642,,,
4.63,1,1,1,,,,4.63,0.783259388,0.868374757,0.953490126,,,,4.63,0.542869177,0.674092946,0.805316715,,,
4.64,0.999999985,1,1,,,,4.64,0.784417901,0.869384991,0.95435208,,,,4.64,0.544134721,0.675511611,0.806888502,,,
4.65,0.999999982,1,1,,,,4.65,0.78557055,0.870387614,0.955204677,,,,4.65,0.545395254,0.676922649,0.808450044,,,
4.66,1,1,1,,,,4.66,0.786717347,0.871382669,0.956047991,,,,4.66,0.546650776,0.678326081,0.810001387,,,
4.67,1,1,1,,,,4.67,0.787858306,0.872370199,0.956882093,,,,4.67,0.547901286,0.679721929,0.811542573,,,
4.68,1,1,1,,,,4.68,0.78899344,0.873350248,0.957707055,,,,4.68,0.549146786,0.681110216,0.813073646,,,
4.69,1,1,1,,,,4.69,0.790122764,0.874322857,0.958522951,,,,4.69,0.550387276,0.682490964,0.814594652,,,
4.7,1,1,1,,,,4.7,0.791246291,0.875288071,0.959329851,,,,4.7,0.551622756,0.683864196,0.816105635,,,
4.71,1,1,1,,,,4.71,0.792364036,0.876245932,0.960127828,,,,4.71,0.552853229,0.685229935,0.817606641,,,
4.72,0.999999989,1,1,,,,4.72,0.793476013,0.877196484,0.960916954,,,,4.72,0.554078697,0.686588206,0.819097715,,,
4.73,0.999999989,1,1,,,,4.73,0.794582237,0.878139769,0.961697301,,,,4.73,0.55529916,0.687939032,0.820578904,,,
4.74,1,1,1,,,,4.74,0.795682724,0.879075832,0.96246894,,,,4.74,0.556514623,0.689282439,0.822050255,,,
4.75,1,1,1,,,,4.75,0.796777487,0.880004715,0.963231943,,,,4.75,0.557725086,0.69061845,0.823511813,,,
4.76,0.999999982,1,1,,,,4.76,0.797866543,0.880926462,0.963986381,,,,4.76,0.558930555,0.69194709,0.824963626,,,
4.77,1,1,1,,,,4.77,0.798949906,0.881841116,0.964732325,,,,4.77,0.560131031,0.693268386,0.826405742,,,
4.78,1,1,1,,,,4.78,0.800027593,0.88274872,0.965469848,,,,4.78,0.561326519,0.694582363,0.827838208,,,
4.79,0.999999989,1,1,,,,4.79,0.80109962,0.883649319,0.966199018,,,,4.79,0.562517023,0.695889047,0.829261071,,,
4.8,1,1,1,,,,4.8,0.802166002,0.884542955,0.966919908,,,,4.8,0.563702546,0.697188464,0.830674381,,,
4.81,1,1,1,,,,4.81,0.803226755,0.885429671,0.967632587,,,,4.81,0.564883094,0.69848064,0.832078186,,,
4.82,0.999999989,1,1,,,,4.82,0.804281896,0.886309511,0.968337126,,,,4.82,0.566058672,0.699765603,0.833472534,,,
4.83,0.999999989,1,1,,,,4.83,0.805331442,0.887182519,0.969033595,,,,4.83,0.567229285,0.701043379,0.834857473,,,
4.84,0.999999985,1,1,,,,4.84,0.806375409,0.888048737,0.969722065,,,,4.84,0.568394938,0.702313996,0.836233055,,,
4.85,1,1,1,,,,4.85,0.807413814,0.888908209,0.970402603,,,,4.85,0.569555637,0.703577481,0.837599326,,,
4.86,1,1,1,,,,4.86,0.808446674,0.889760977,0.971075281,,,,4.86,0.570711388,0.704833863,0.838956337,,,
4.87,1,1,1,,,,4.87,0.809474007,0.890607086,0.971740166,,,,4.87,0.571862198,0.706083168,0.840304138,,,
4.88,1,1,1,,,,4.88,0.810495829,0.891446579,0.972397328,,,,4.88,0.573008073,0.707325426,0.841642778,,,
4.89,1,1,1,,,,4.89,0.811512158,0.892279497,0.973046836,,,,4.89,0.574149021,0.708560664,0.842972308,,,
4.9,1,1,1,,,,4.9,0.812523012,0.893105885,0.973688758,,,,4.9,0.575285048,0.709788912,0.844292776,,,
4.91,0.999999985,1,1,,,,4.91,0.813528409,0.893925786,0.974323162,,,,4.91,0.576416162,0.711010198,0.845604233,,,
4.92,0.999999982,1,1,,,,4.92,0.814528367,0.894739241,0.974950116,,,,4.92,0.57754237,0.71222455,0.846906731,,,
4.93,0.999999989,1,1,,,,4.93,0.815522903,0.895546295,0.975569688,,,,4.93,0.578663682,0.713432,0.848200318,,,
4.94,0.999999979,1,1,,,,4.94,0.816512036,0.89634699,0.976181943,,,,4.94,0.579780104,0.714632575,0.849485045,,,
4.95,0.999999989,1,1,,,,4.95,0.817495785,0.897141368,0.976786951,,,,4.95,0.580891646,0.715826305,0.850760963,,,
4.96,1,1,1,,,,4.96,0.818474167,0.897929472,0.977384777,,,,4.96,0.581998317,0.71701322,0.852028123,,,
4.97,1,1,1,,,,4.97,0.819447202,0.898711345,0.977975487,,,,4.97,0.583100125,0.718193349,0.853286574,,,
4.98,1,1,1,,,,4.98,0.820414909,0.899487028,0.978559148,,,,4.98,0.584197079,0.719366724,0.854536369,,,
4.99,1,1,1,,,,4.99,0.821377305,0.900256565,0.979135825,,,,4.99,0.585289189,0.720533373,0.855777557,,,
5,1,1,1,,,,5,0.822334411,0.901019997,0.979705584,,,,5,0.586376466,0.721693327,0.857010189,,,
5.01,1,1,1,,,,5.01,0.823286245,0.901777367,0.980268489,,,,5.01,0.587458918,0.722846617,0.858234316,,,
5.02,1,1,1,,,,5.02,0.824232826,0.902528716,0.980824606,,,,5.02,0.588536556,0.723993273,0.85944999,,,
5.03,1,1,1,,,,5.03,0.825174175,0.903274086,0.981373998,,,,5.03,0.589609391,0.725133325,0.86065726,,,
5.04,1,1,1,,,,5.04,0.82611031,0.90401352,0.98191673,,,,5.04,0.590677433,0.726266805,0.861856177,,,
5.05,0.999999989,1,1,,,,5.05,0.827041251,0.904747058,0.982452865,,,,5.05,0.591740693,0.727393743,0.863046793,,,
5.06,1,1,1,,,,5.06,0.827967018,0.905474743,0.982982468,,,,5.06,0.592799181,0.728514169,0.864229158,,,
5.07,0.999999989,1,1,,,,5.07,0.828887631,0.906196615,0.983505599,,,,5.07,0.59385291,0.729628116,0.865403322,,,
5.08,0.999999989,1,1,,,,5.08,0.829803109,0.906912716,0.984022323,,,,5.08,0.594901891,0.730735614,0.866569337,,,
5.09,0.999999989,1,1,,,,5.09,0.830713472,0.907623087,0.984532702,,,,5.09,0.595946135,0.731836694,0.867727254,,,
5.1,1,1,1,,,,5.1,0.831618741,0.908327769,0.985036796,,,,5.1,0.596985655,0.732931388,0.868877122,,,
5.11,1,1,1,,,,5.11,0.832518935,0.909026802,0.985534669,,,,5.11,0.598020462,0.734019727,0.870018992,,,
5.12,1,1,1,,,,5.12,0.833414076,0.909720228,0.98602638,,,,5.12,0.599050568,0.735101742,0.871152916,,,
5.13,1,1,1,,,,5.13,0.834304183,0.910408087,0.986511991,,,,5.13,0.600075987,0.736177465,0.872278942,,,
5.14,1,1,1,,,,5.14,0.835189276,0.911090419,0.986991563,,,,5.14,0.60109673,0.737246926,0.873397123,,,
5.15,1,1,1,,,,5.15,0.836069377,0.911767265,0.987465154,,,,5.15,0.602112811,0.738310159,0.874507507,,,
5.16,1,1,1,,,,5.16,0.836944506,0.912438665,0.987932824,,,,5.16,0.603124242,0.739367193,0.875610145,,,
5.17,1,1,1,,,,5.17,0.837814683,0.913104658,0.988394634,,,,5.17,0.604131036,0.740418062,0.876705088,,,
5.18,1,1,1,,,,5.18,0.83867993,0.913765285,0.988850641,,,,5.18,0.605133208,0.741462796,0.877792384,,,
5.19,1,1,1,,,,5.19,0.839540266,0.914420585,0.989300904,,,,5.19,0.60613077,0.742501427,0.878872085,,,
5.2,1,1,1,,,,5.2,0.840395713,0.915070597,0.989745481,,,,5.2,0.607123735,0.743533987,0.879944239,,,
5.21,1,1,1,,,,5.21,0.841246292,0.915715361,0.990184429,,,,5.21,0.608112119,0.744560508,0.881008897,,,
5.22,1,1,1,,,,5.22,0.842092024,0.916354916,0.990617807,,,,5.22,0.609095934,0.745581021,0.882066108,,,
5.23,1,1,1,,,,5.23,0.84293293,0.9169893,0.99104567,,,,5.23,0.610075194,0.746595558,0.883115921,,,
5.24,1,1,1,,,,5.24,0.84376903,0.917618553,0.991468076,,,,5.24,0.611049915,0.74760415,0.884158385,,,
5.25,1,1,1,,,,5.25,0.844600347,0.918242713,0.99188508,,,,5.25,0.612020109,0.74860683,0.885193551,,,
5.26,1,1,1,,,,5.26,0.845426901,0.918861819,0.992296738,,,,5.26,0.612985793,0.749603629,0.886221465,,,
5.27,1,1,1,,,,5.27,0.846248713,0.919475909,0.992703104,,,,5.27,0.61394698,0.750594579,0.887242179,,,
5.28,0.999999989,1,1,,,,5.28,0.847065805,0.92008502,0.993104235,,,,5.28,0.614903685,0.751579712,0.888255739,,,
5.29,0.999999989,1,1,,,,5.29,0.847878198,0.920689191,0.993500184,,,,5.29,0.615855923,0.752559059,0.889262195,,,
5.3,0.999999985,1,1,,,,5.3,0.848685914,0.92128846,0.993891006,,,,5.3,0.616803708,0.753532652,0.890261595,,,
5.31,1,1,1,,,,5.31,0.849488973,0.921882863,0.994276753,,,,5.31,0.617747057,0.754500522,0.891253987,,,
5.32,1,1,1,,,,5.32,0.850287398,0.922472439,0.99465748,,,,5.32,0.618685985,0.755462702,0.892239419,,,
5.33,1,1,1,,,,5.33,0.851081209,0.923057224,0.995033239,,,,5.33,0.619620505,0.756419222,0.893217939,,,
5.34,1,1,1,,,,5.34,0.851870428,0.923637255,0.995404082,,,,5.34,0.620550635,0.757370115,0.894189595,,,
5.35,1,1,1,,,,5.35,0.852655077,0.92421257,0.995770062,,,,5.35,0.62147639,0.758315412,0.895154434,,,
5.36,1,1,1,,,,5.36,0.853435178,0.924783203,0.996131229,,,,5.36,0.622397785,0.759255144,0.896112503,,,
5.37,1,1,1,,,,5.37,0.854210751,0.925349193,0.996487636,,,,5.37,0.623314836,0.760189343,0.89706385,,,
5.38,1,1,1,,,,5.38,0.854981818,0.925910575,0.996839332,,,,5.38,0.624227558,0.76111804,0.898008521,,,
5.39,1,1,1,,,,5.39,0.855748402,0.926467385,0.997186369,,,,5.39,0.625135969,0.762041266,0.898946563,,,
5.4,1,1,1,,,,5.4,0.856510523,0.927019659,0.997528796,,,,5.4,0.626040083,0.762959053,0.899878023,,,
5.41,1,1,1,,,,5.41,0.857268203,0.927567433,0.997866663,,,,5.41,0.626939918,0.763871432,0.900802946,,,
5.42,1,1,1,,,,5.42,0.858021464,0.928110741,0.998200018,,,,5.42,0.627835488,0.764778434,0.90172138,,,
5.43,1,1,1,,,,5.43,0.858770327,0.928649619,0.998528912,,,,5.43,0.628726811,0.765680091,0.90263337,,,
5.44,1,1,1,,,,5.44,0.859514814,0.929184102,0.998853391,,,,5.44,0.629613903,0.766576433,0.903538962,,,
5.45,1,1,1,,,,5.45,0.860254947,0.929714225,0.999173504,,,,5.45,0.63049678,0.76746749,0.9044382,,,
5.46,1,1,1,,,,5.46,0.860990747,0.930240023,0.999489298,,,,5.46,0.631375459,0.768353295,0.905331132,,,
5.47,0.999999989,1,1,,,,5.47,0.861722236,0.930761529,0.999800821,,,,5.47,0.632249956,0.769233878,0.9062178,,,
5.48,1,1,1,,,,5.48,0.862449436,0.931278777,1,,,,5.48,0.633120288,0.77010927,0.907098252,,,
5.49,1,1,1,,,,5.49,0.863172368,0.931791803,1,,,,5.49,0.633986472,0.770979501,0.90797253,,,
5.5,1,1,1,,,,5.5,0.863891053,0.932300639,1,,,,5.5,0.634848523,0.771844601,0.908840679,,,
5.51,1,1,1,,,,5.51,0.864605514,0.932805319,1,,,,5.51,0.63570646,0.772704603,0.909702745,,,
5.52,1,1,1,,,,5.52,0.865315772,0.933305877,1,,,,5.52,0.636560299,0.773559535,0.91055877,,,
5.53,1,1,1,,,,5.53,0.866021848,0.933802346,1,,,,5.53,0.637410057,0.774409428,0.911408798,,,
5.54,1,1,1,,,,5.54,0.866723765,0.934294757,1,,,,5.54,0.638255751,0.775254312,0.912252873,,,
5.55,1,1,1,,,,5.55,0.867421543,0.934783146,1,,,,5.55,0.639097398,0.776094218,0.913091038,,,
5.56,1,1,1,,,,5.56,0.868115204,0.935267543,1,,,,5.56,0.639935014,0.776929176,0.913923337,,,
5.57,1,1,1,,,,5.57,0.86880477,0.935747981,1,,,,5.57,0.640768618,0.777759215,0.914749811,,,
5.58,1,1,1,,,,5.58,0.869490262,0.936224492,1,,,,5.58,0.641598226,0.778584365,0.915570504,,,
5.59,1,1,1,,,,5.59,0.870171701,0.936697109,1,,,,5.59,0.642423855,0.779404656,0.916385458,,,
5.6,1,1,1,,,,5.6,0.87084911,0.937165862,1,,,,5.6,0.643245522,0.780220119,0.917194715,,,
5.61,1,1,1,,,,5.61,0.871522508,0.937630784,1,,,,5.61,0.644063245,0.781030781,0.917998318,,,
5.62,1,1,1,,,,5.62,0.872191919,0.938091905,1,,,,5.62,0.644877041,0.781836674,0.918796306,,,
5.63,1,1,1,,,,5.63,0.872857363,0.938549257,1,,,,5.63,0.645686927,0.782637825,0.919588723,,,
5.64,1,1,1,,,,5.64,0.873518861,0.939002871,1,,,,5.64,0.646492921,0.783434265,0.920375609,,,
5.65,1,1,1,,,,5.65,0.874176434,0.939452777,1,,,,5.65,0.647295039,0.784226022,0.921157005,,,
5.66,1,1,1,,,,5.66,0.874830105,0.939899005,1,,,,5.66,0.6480933,0.785013126,0.921932952,,,
5.67,1,1,1,,,,5.67,0.875479893,0.940341587,1,,,,5.67,0.64888772,0.785795605,0.92270349,,,
5.68,1,1,1,,,,5.68,0.876125821,0.940780551,1,,,,5.68,0.649678317,0.786573489,0.92346866,,,
5.69,1,1,1,,,,5.69,0.876767909,0.941215928,1,,,,5.69,0.650465108,0.787346805,0.924228501,,,
5.7,1,1,1,,,,5.7,0.877406179,0.941647748,1,,,,5.7,0.651248111,0.788115582,0.924983053,,,
5.71,1,1,1,,,,5.71,0.87804065,0.942076039,1,,,,5.71,0.652027343,0.788879849,0.925732356,,,
5.72,1,1,1,,,,5.72,0.878671345,0.942500831,1,,,,5.72,0.652802821,0.789639635,0.926476448,,,
5.73,1,1,1,,,,5.73,0.879298285,0.942922154,1,,,,5.73,0.653574564,0.790394967,0.92721537,,,
5.74,1,1,1,,,,5.74,0.879921489,0.943340035,1,,,,5.74,0.654342587,0.791145873,0.927949159,,,
5.75,1,1,1,,,,5.75,0.880540979,0.943754504,1,,,,5.75,0.655106909,0.791892382,0.928677854,,,
5.76,1,1,1,,,,5.76,0.881156776,0.944165589,1,,,,5.76,0.655867547,0.79263452,0.929401494,,,
5.77,1,1,1,,,,5.77,0.881768901,0.944573318,1,,,,5.77,0.656624518,0.793372317,0.930120116,,,
5.78,1,1,1,,,,5.78,0.882377373,0.944977719,1,,,,5.78,0.657377841,0.794105799,0.930833758,,,
5.79,1,1,1,,,,5.79,0.882982215,0.945378819,1,,,,5.79,0.658127531,0.794834994,0.931542457,,,
5.8,1,1,1,,,,5.8,0.883583445,0.945776648,1,,,,5.8,0.658873607,0.795559929,0.932246252,,,
5.81,1,1,1,,,,5.81,0.884181086,0.946171231,1,,,,5.81,0.659616086,0.796280632,0.932945178,,,
5.82,1,1,1,,,,5.82,0.884775156,0.946562596,1,,,,5.82,0.660354986,0.79699713,0.933639274,,,
5.83,1,1,1,,,,5.83,0.885365677,0.94695077,1,,,,5.83,0.661090323,0.797709448,0.934328574,,,
5.84,1,1,1,,,,5.84,0.885952669,0.94733578,1,,,,5.84,0.661822115,0.798417616,0.935013116,,,
5.85,1,1,1,,,,5.85,0.886536153,0.947717652,1,,,,5.85,0.662550379,0.799121658,0.935692936,,,
5.86,1,1,1,,,,5.86,0.887116147,0.948096413,1,,,,5.86,0.663275133,0.799821601,0.93636807,,,
5.87,1,1,1,,,,5.87,0.887692673,0.948472089,1,,,,5.87,0.663996394,0.800517473,0.937038552,,,
5.88,1,1,1,,,,5.88,0.888265751,0.948844705,1,,,,5.88,0.664714179,0.801209299,0.937704419,,,
5.89,1,1,1,,,,5.89,0.8888354,0.949214289,1,,,,5.89,0.665428505,0.801897105,0.938365705,,,
5.9,1,1,1,,,,5.9,0.889401641,0.949580865,1,,,,5.9,0.66613939,0.802580918,0.939022446,,,
5.91,1,1,1,,,,5.91,0.889964493,0.949944459,1,,,,5.91,0.66684685,0.803260763,0.939674675,,,
5.92,1,1,1,,,,5.92,0.890523976,0.950305095,1,,,,5.92,0.667550903,0.803936666,0.940322428,,,
5.93,1,1,1,,,,5.93,0.891080111,0.9506628,1,,,,5.93,0.668251566,0.804608653,0.940965739,,,
5.94,1,1,1,,,,5.94,0.891632915,0.951017597,1,,,,5.94,0.668948856,0.805276749,0.941604641,,,
5.95,1,1,1,,,,5.95,0.89218241,0.951369512,1,,,,5.95,0.669642791,0.805940979,0.942239167,,,
5.96,1,1,1,,,,5.96,0.892728615,0.951718569,1,,,,5.96,0.670333386,0.806601369,0.942869352,,,
5.97,1,1,1,,,,5.97,0.893271549,0.952064792,1,,,,5.97,0.67102066,0.807257944,0.943495229,,,
5.98,1,1,1,,,,5.98,0.893811231,0.952408205,1,,,,5.98,0.671704628,0.807910729,0.94411683,,,
5.99,1,1,1,,,,5.99,0.894347681,0.952748832,1,,,,5.99,0.672385308,0.808559749,0.944734189,,,
6,1,1,1,,,,6,0.894880919,0.953086697,1,,,,6,0.673062718,0.809205027,0.945347337,,,
6.01,1,1,1,,,,6.01,0.895410962,0.953421823,1,,,,6.01,0.673736872,0.80984659,0.945956307,,,
6.02,1,1,1,,,,6.02,0.895937831,0.953754234,1,,,,6.02,0.67440779,0.810484461,0.946561131,,,
6.03,1,1,1,,,,6.03,0.896461544,0.954083952,1,,,,6.03,0.675075486,0.811118664,0.947161841,,,
6.04,1,1,1,,,,6.04,0.89698212,0.954411002,1,,,,6.04,0.675739979,0.811749223,0.947758468,,,
6.05,1,1,1,,,,6.05,0.897499579,0.954735404,1,,,,6.05,0.676401284,0.812376164,0.948351044,,,
6.06,1,1,1,,,,6.06,0.898013938,0.955057183,1,,,,6.06,0.677059418,0.812999509,0.948939599,,,
6.07,1,1,1,,,,6.07,0.898525217,0.95537636,1,,,,6.07,0.677714398,0.813619282,0.949524165,,,
6.08,1,1,1,,,,6.08,0.899033434,0.955692958,1,,,,6.08,0.678366241,0.814235506,0.950104772,,,
6.09,1,1,1,,,,6.09,0.899538607,0.956006998,1,,,,6.09,0.679014962,0.814848206,0.95068145,,,
6.1,1,1,1,,,,6.1,0.900040756,0.956318503,1,,,,6.1,0.679660578,0.815457404,0.95125423,,,
6.11,1,1,1,,,,6.11,0.900539899,0.956627494,1,,,,6.11,0.680303106,0.816063124,0.951823142,,,
6.12,1,1,1,,,,6.12,0.901036053,0.956933993,1,,,,6.12,0.680942563,0.816665389,0.952388215,,,
6.13,1,1,1,,,,6.13,0.901529237,0.957238021,1,,,,6.13,0.681578963,0.817264221,0.952949479,,,
6.14,1,1,1,,,,6.14,0.90201947,0.957539599,1,,,,6.14,0.682212324,0.817859644,0.953506963,,,
6.15,1,1,1,,,,6.15,0.902506768,0.957838748,1,,,,6.15,0.682842662,0.818451679,0.954060696,,,
6.16,1,1,1,,,,6.16,0.902991151,0.95813549,1,,,,6.16,0.683469993,0.81904035,0.954610707,,,
6.17,1,1,1,,,,6.17,0.903472637,0.958429844,1,,,,6.17,0.684094332,0.819625679,0.955157025,,,
6.18,1,1,1,,,,6.18,0.903951242,0.958721832,1,,,,6.18,0.684715697,0.820207687,0.955699678,,,
6.19,1,1,1,,,,6.19,0.904426984,0.959011472,1,,,,6.19,0.685334103,0.820786398,0.956238694,,,
6.2,1,1,1,,,,6.2,0.904899882,0.959298787,1,,,,6.2,0.685949565,0.821361833,0.956774101,,,
6.21,1,1,1,,,,6.21,0.905369953,0.959583795,1,,,,6.21,0.686562101,0.821934014,0.957305927,,,
6.22,1,1,1,,,,6.22,0.905837214,0.959866516,1,,,,6.22,0.687171725,0.822502962,0.957834199,,,
6.23,1,1,1,,,,6.23,0.906301683,0.960146971,1,,,,6.23,0.687778453,0.823068699,0.958358945,,,
6.24,1,1,1,,,,6.24,0.906763377,0.960425178,1,,,,6.24,0.688382301,0.823631247,0.958880193,,,
6.25,1,1,1,,,,6.25,0.907222314,0.960701156,1,,,,6.25,0.688983285,0.824190626,0.959397967,,,
6.26,1,1,1,,,,6.26,0.907678509,0.960974926,1,,,,6.26,0.689581421,0.824746859,0.959912297,,,
6.27,1,1,1,,,,6.27,0.908131981,0.961246506,1,,,,6.27,0.690176723,0.825299965,0.960423207,,,
6.28,1,1,1,,,,6.28,0.908582747,0.961515914,1,,,,6.28,0.690769207,0.825849966,0.960930724,,,
6.29,1,1,1,,,,6.29,0.909030823,0.96178317,1,,,,6.29,0.691358889,0.826396882,0.961434875,,,
6.3,1,1,1,,,,6.3,0.909476226,0.962048292,1,,,,6.3,0.691945784,0.826940735,0.961935685,,,
6.31,1,1,1,,,,6.31,0.909918973,0.962311298,1,,,,6.31,0.692529907,0.827481544,0.96243318,,,
6.32,1,1,1,,,,6.32,0.91035908,0.962572207,1,,,,6.32,0.693111274,0.82801933,0.962927385,,,
6.33,1,1,1,,,,6.33,0.910796564,0.962831036,1,,,,6.33,0.6936899,0.828554113,0.963418326,,,
6.34,1,1,1,,,,6.34,0.911231442,0.963087804,1,,,,6.34,0.694265799,0.829085913,0.963906027,,,
6.35,1,1,1,,,,6.35,0.91166373,0.963342527,1,,,,6.35,0.694838987,0.829614751,0.964390514,,,
6.36,1,1,1,,,,6.36,0.912093444,0.963595225,1,,,,6.36,0.695409479,0.830140645,0.964871811,,,
6.37,1,1,1,,,,6.37,0.9125206,0.963845914,1,,,,6.37,0.69597729,0.830663616,0.965349943,,,
6.38,1,1,1,,,,6.38,0.912945214,0.964094611,1,,,,6.38,0.696542434,0.831183684,0.965824934,,,
6.39,1,1,1,,,,6.39,0.913367304,0.964341335,1,,,,6.39,0.697104926,0.831700867,0.966296807,,,
6.4,1,1,1,,,,6.4,0.913786883,0.9645861,1,,,,6.4,0.697664782,0.832215185,0.966765588,,,
6.41,1,1,1,,,,6.41,0.914203969,0.964828925,1,,,,6.41,0.698222015,0.832726657,0.967231299,,,
6.42,1,1,1,,,,6.42,0.914618577,0.965069827,1,,,,6.42,0.698776641,0.833235302,0.967693964,,,
6.43,1,1,1,,,,6.43,0.915030722,0.965308821,1,,,,6.43,0.699328673,0.83374114,0.968153607,,,
6.44,1,1,1,,,,6.44,0.915440422,0.965545924,1,,,,6.44,0.699878126,0.834244188,0.96861025,,,
6.45,1,1,1,,,,6.45,0.915847689,0.965781153,1,,,,6.45,0.700425016,0.834744467,0.969063917,,,
6.46,1,1,1,,,,6.46,0.916252542,0.966014524,1,,,,6.46,0.700969355,0.835241993,0.969514631,,,
6.47,1,1,1,,,,6.47,0.916654994,0.966246052,1,,,,6.47,0.701511158,0.835736786,0.969962413,,,
6.48,1,1,1,,,,6.48,0.917055061,0.966475753,1,,,,6.48,0.70205044,0.836228863,0.970407286,,,
6.49,1,1,1,,,,6.49,0.917452758,0.966703644,1,,,,6.49,0.702587215,0.836718244,0.970849273,,,
6.5,1,1,1,,,,6.5,0.9178481,0.966929739,1,,,,6.5,0.703121496,0.837204946,0.971288396,,,
6.51,1,1,1,,,,6.51,0.918241102,0.967154054,1,,,,6.51,0.703653298,0.837688987,0.971724676,,,
6.52,1,1,1,,,,6.52,0.91863178,0.967376605,1,,,,6.52,0.704182635,0.838170385,0.972158135,,,
6.53,1,1,1,,,,6.53,0.919020148,0.967597407,1,,,,6.53,0.70470952,0.838649157,0.972588795,,,
6.54,1,1,1,,,,6.54,0.91940622,0.967816474,1,,,,6.54,0.705233967,0.839125322,0.973016677,,,
6.55,1,1,1,,,,6.55,0.919790012,0.968033822,1,,,,6.55,0.70575599,0.839598896,0.973441802,,,
6.56,1,1,1,,,,6.56,0.920171538,0.968249465,1,,,,6.56,0.706275603,0.840069897,0.973864191,,,
6.57,1,1,1,,,,6.57,0.920550812,0.968463419,1,,,,6.57,0.706792819,0.840538342,0.974283865,,,
6.58,1,1,1,,,,6.58,0.92092785,0.968675696,1,,,,6.58,0.707307652,0.841004249,0.974700845,,,
6.59,1,1,1,,,,6.59,0.921302664,0.968886313,1,,,,6.59,0.707820116,0.841467633,0.975115151,,,
6.6,1,1,1,,,,6.6,0.92167527,0.969095283,1,,,,6.6,0.708330223,0.841928513,0.975526803,,,
6.61,1,1,1,,,,6.61,0.922045682,0.969302621,1,,,,6.61,0.708837987,0.842386904,0.975935822,,,
6.62,1,1,1,,,,6.62,0.922413914,0.96950834,1,,,,6.62,0.709343421,0.842842824,0.976342227,,,
6.63,1,1,1,,,,6.63,0.922779979,0.969712454,1,,,,6.63,0.709846539,0.843296289,0.976746039,,,
6.64,1,1,1,,,,6.64,0.923143892,0.969914977,1,,,,6.64,0.710347353,0.843747315,0.977147277,,,
6.65,1,1,1,,,,6.65,0.923505667,0.970115923,1,,,,6.65,0.710845877,0.844195918,0.97754596,,,
6.66,1,1,1,,,,6.66,0.923865317,0.970315305,1,,,,6.66,0.711342124,0.844642116,0.977942108,,,
6.67,1,1,1,,,,6.67,0.924222856,0.970513137,1,,,,6.67,0.711836106,0.845085923,0.97833574,,,
6.68,1,1,1,,,,6.68,0.924578297,0.970709431,1,,,,6.68,0.712327837,0.845527356,0.978726875,,,
6.69,1,1,1,,,,6.69,0.924931655,0.970904202,1,,,,6.69,0.712817329,0.845966431,0.979115532,,,
6.7,1,1,1,,,,6.7,0.925282942,0.971097462,1,,,,6.7,0.713304595,0.846403163,0.97950173,,,
6.71,1,1,1,,,,6.71,0.925632172,0.971289224,1,,,,6.71,0.713789648,0.846837567,0.979885487,,,
6.72,1,1,1,,,,6.72,0.925979358,0.971479502,1,,,,6.72,0.7142725,0.847269661,0.980266821,,,
6.73,1,1,1,,,,6.73,0.926324514,0.971668306,1,,,,6.73,0.714753164,0.847699458,0.980645752,,,
6.74,1,1,1,,,,6.74,0.926667652,0.971855651,1,,,,6.74,0.715231652,0.848126974,0.981022296,,,
6.75,1,1,1,,,,6.75,0.927008785,0.972041549,1,,,,6.75,0.715707976,0.848552224,0.981396472,,,
6.76,1,1,1,,,,6.76,0.927347927,0.972226012,1,,,,6.76,0.71618215,0.848975224,0.981768298,,,
6.77,1,1,1,,,,6.77,0.92768509,0.972409052,1,,,,6.77,0.716654185,0.849395988,0.982137791,,,
6.78,1,1,1,,,,6.78,0.928020287,0.972590682,1,,,,6.78,0.717124094,0.849814531,0.982504969,,,
6.79,1,1,1,,,,6.79,0.928353531,0.972770913,1,,,,6.79,0.717591888,0.850230868,0.982869849,,,
6.8,1,1,1,,,,6.8,0.928684834,0.972949758,1,,,,6.8,0.718057579,0.850645014,0.983232449,,,
6.81,1,1,1,,,,6.81,0.92901421,0.973127228,1,,,,6.81,0.718521181,0.851056983,0.983592785,,,
6.82,1,1,1,,,,6.82,0.929341669,0.973303336,1,,,,6.82,0.718982703,0.851466789,0.983950874,,,
6.83,1,1,1,,,,6.83,0.929667226,0.973478092,1,,,,6.83,0.71944216,0.851874447,0.984306734,,,
6.84,1,1,1,,,,6.84,0.929990892,0.973651508,1,,,,6.84,0.719899561,0.852279971,0.984660381,,,
6.85,1,1,1,,,,6.85,0.930312679,0.973823596,1,,,,6.85,0.72035492,0.852683375,0.985011831,,,
6.86,1,1,1,,,,6.86,0.9306326,0.973994367,1,,,,6.86,0.720808247,0.853084674,0.985361101,,,
6.87,1,1,1,,,,6.87,0.930950666,0.974163832,1,,,,6.87,0.721259555,0.853483881,0.985708207,,,
6.88,1,1,1,,,,6.88,0.93126689,0.974332003,1,,,,6.88,0.721708854,0.85388101,0.986053165,,,
6.89,1,1,1,,,,6.89,0.931581284,0.974498889,1,,,,6.89,0.722156157,0.854276074,0.986395991,,,
6.9,1,1,1,,,,6.9,0.931893859,0.974664503,1,,,,6.9,0.722601474,0.854669088,0.986736701,,,
6.91,1,1,1,,,,6.91,0.932204627,0.974828855,1,,,,6.91,0.723044818,0.855060064,0.987075311,,,
6.92,1,1,1,,,,6.92,0.932513601,0.974991956,1,,,,6.92,0.723486199,0.855449017,0.987411836,,,
6.93,1,1,1,,,,6.93,0.932820791,0.975153817,1,,,,6.93,0.723925628,0.85583596,0.987746292,,,
6.94,1,1,1,,,,6.94,0.933126209,0.975314447,1,,,,6.94,0.724363117,0.856220905,0.988078694,,,
6.95,1,1,1,,,,6.95,0.933429867,0.975473857,1,,,,6.95,0.724798677,0.856603867,0.988409057,,,
6.96,1,1,1,,,,6.96,0.933731776,0.975632058,1,,,,6.96,0.725232319,0.856984858,0.988737396,,,
6.97,1,1,1,,,,6.97,0.934031948,0.975789061,1,,,,6.97,0.725664054,0.85736389,0.989063727,,,
6.98,1,1,1,,,,6.98,0.934330393,0.975944874,1,,,,6.98,0.726093892,0.857740978,0.989388064,,,
6.99,1,1,1,,,,6.99,0.934627123,0.976099508,1,,,,6.99,0.726521845,0.858116133,0.989710421,,,
7,1,1,1,,,,7,0.93492215,0.976252974,1,,,,7,0.726947923,0.858489369,0.990030814,,,
7.01,1,1,1,,,,7.01,0.935215483,0.976405281,1,,,,7.01,0.727372137,0.858860697,0.990349257,,,
7.02,1,1,1,,,,7.02,0.935507134,0.976556438,1,,,,7.02,0.727794498,0.859230131,0.990665764,,,
7.03,1,1,1,,,,7.03,0.935797115,0.976706456,1,,,,7.03,0.728215017,0.859597683,0.990980349,,,
7.04,1,1,1,,,,7.04,0.936085435,0.976855345,1,,,,7.04,0.728633703,0.859963365,0.991293026,,,
7.05,1,1,1,,,,7.05,0.936372106,0.977003113,1,,,,7.05,0.729050567,0.860327189,0.991603811,,,
7.06,1,1,1,,,,7.06,0.936657138,0.97714977,1,,,,7.06,0.729465621,0.860689168,0.991912715,,,
7.07,1,1,1,,,,7.07,0.936940542,0.977295325,1,,,,7.07,0.729878873,0.861049313,0.992219753,,,
7.08,1,1,1,,,,7.08,0.937222329,0.977439789,1,,,,7.08,0.730290335,0.861407637,0.99252494,,,
7.09,1,1,1,,,,7.09,0.937502509,0.977583169,1,,,,7.09,0.730700016,0.861764151,0.992828287,,,
7.1,1,1,1,,,,7.1,0.937781092,0.977725476,1,,,,7.1,0.731107927,0.862118868,0.993129809,,,
7.11,1,1,1,,,,7.11,0.938058089,0.977866717,1,,,,7.11,0.731514077,0.862471798,0.993429519,,,
7.12,1,1,1,,,,7.12,0.93833351,0.978006903,1,,,,7.12,0.731918478,0.862822954,0.99372743,,,
7.13,1,1,1,,,,7.13,0.938607365,0.978146042,1,,,,7.13,0.732321138,0.863172347,0.994023556,,,
7.14,1,1,1,,,,7.14,0.938879665,0.978284142,1,,,,7.14,0.732722069,0.863519988,0.994317908,,,
7.15,1,1,1,,,,7.15,0.93915042,0.978421213,1,,,,7.15,0.733121279,0.86386589,0.994610501,,,
7.16,1,1,1,,,,7.16,0.939419639,0.978557263,1,,,,7.16,0.733518778,0.864210062,0.994901346,,,
7.17,1,1,1,,,,7.17,0.939687332,0.978692301,1,,,,7.17,0.733914577,0.864552517,0.995190457,,,
7.18,1,1,1,,,,7.18,0.93995351,0.978826334,1,,,,7.18,0.734308684,0.864893265,0.995477846,,,
7.19,1,1,1,,,,7.19,0.940218182,0.978959373,1,,,,7.19,0.73470111,0.865232318,0.995763525,,,
7.2,1,1,1,,,,7.2,0.940481358,0.979091424,1,,,,7.2,0.735091864,0.865569686,0.996047507,,,
7.21,1,1,1,,,,7.21,0.940743048,0.979222496,1,,,,7.21,0.735480956,0.86590538,0.996329804,,,
7.22,1,1,1,,,,7.22,0.941003262,0.979352598,1,,,,7.22,0.735868395,0.866239412,0.996610428,,,
7.23,1,1,1,,,,7.23,0.941262008,0.979481737,1,,,,7.23,0.73625419,0.866571791,0.996889392,,,
7.24,1,1,1,,,,7.24,0.941519296,0.979609921,1,,,,7.24,0.736638351,0.866902529,0.997166706,,,
7.25,1,1,1,,,,7.25,0.941775137,0.979737159,1,,,,7.25,0.737020888,0.867231636,0.997442384,,,
7.26,1,1,1,,,,7.26,0.942029538,0.979863458,1,,,,7.26,0.737401808,0.867559122,0.997716436,,,
7.27,1,1,1,,,,7.27,0.94228251,0.979988827,1,,,,7.27,0.737781122,0.867884999,0.997988875,,,
7.28,1,1,1,,,,7.28,0.942534062,0.980113272,1,,,,7.28,0.738158839,0.868209275,0.998259711,,,
7.29,1,1,1,,,,7.29,0.942784203,0.980236801,1,,,,7.29,0.738534968,0.868531962,0.998528957,,,
7.3,1,1,1,,,,7.3,0.943032942,0.980359423,1,,,,7.3,0.738909517,0.86885307,0.998796624,,,
7.31,1,1,1,,,,7.31,0.943280288,0.980481144,1,,,,7.31,0.739282496,0.869172609,0.999062722,,,
7.32,1,1,1,,,,7.32,0.943526251,0.980601973,1,,,,7.32,0.739653913,0.869490589,0.999327264,,,
7.33,1,1,1,,,,7.33,0.943770838,0.980721916,1,,,,7.33,0.740023778,0.869807019,0.99959026,,,
7.34,1,1,1,,,,7.34,0.94401406,0.980840981,1,,,,7.34,0.740392099,0.87012191,0.999851721,,,
7.35,1,1,1,,,,7.35,0.944255924,0.980959175,1,,,,7.35,0.740758885,0.870435272,1,,,
7.36,1,1,1,,,,7.36,0.94449644,0.981076505,1,,,,7.36,0.741124144,0.870747114,1,,,
7.37,1,1,1,,,,7.37,0.944735616,0.981192979,1,,,,7.37,0.741487886,0.871057446,1,,,
7.38,1,1,1,,,,7.38,0.944973461,0.981308603,1,,,,7.38,0.741850119,0.871366277,1,,,
7.39,1,1,1,,,,7.39,0.945209984,0.981423385,1,,,,7.39,0.74221085,0.871673617,1,,,
7.4,1,1,1,,,,7.4,0.945445193,0.981537332,1,,,,7.4,0.74257009,0.871979476,1,,,
7.41,1,1,1,,,,7.41,0.945679097,0.98165045,1,,,,7.41,0.742927846,0.872283863,1,,,
7.42,1,1,1,,,,7.42,0.945911703,0.981762747,1,,,,7.42,0.743284127,0.872586788,1,,,
7.43,1,1,1,,,,7.43,0.946143021,0.981874228,1,,,,7.43,0.74363894,0.872888259,1,,,
7.44,1,1,1,,,,7.44,0.946373059,0.981984901,1,,,,7.44,0.743992295,0.873188285,1,,,
7.45,1,1,1,,,,7.45,0.946601824,0.982094773,1,,,,7.45,0.744344199,0.873486876,1,,,
7.46,1,1,1,,,,7.46,0.946829326,0.982203849,1,,,,7.46,0.74469466,0.873784042,1,,,
7.47,1,1,1,,,,7.47,0.947055572,0.982312137,1,,,,7.47,0.745043688,0.87407979,1,,,
7.48,1,1,1,,,,7.48,0.94728057,0.982419643,1,,,,7.48,0.745391289,0.87437413,1,,,
7.49,1,1,1,,,,7.49,0.947504328,0.982526373,1,,,,7.49,0.745737471,0.874667071,1,,,
7.5,1,1,1,,,,7.5,0.947726855,0.982632334,1,,,,7.5,0.746082243,0.874958621,1,,,
7.51,1,1,1,,,,7.51,0.947948158,0.982737532,1,,,,7.51,0.746425613,0.875248789,1,,,
7.52,1,1,1,,,,7.52,0.948168245,0.982841974,1,,,,7.52,0.746767589,0.875537584,1,,,
7.53,1,1,1,,,,7.53,0.948387125,0.982945665,1,,,,7.53,0.747108177,0.875825015,1,,,
7.54,1,1,1,,,,7.54,0.948604803,0.983048611,1,,,,7.54,0.747447387,0.87611109,1,,,
7.55,1,1,1,,,,7.55,0.94882129,0.983150819,1,,,,7.55,0.747785225,0.876395817,1,,,
7.56,1,1,1,,,,7.56,0.949036591,0.983252295,1,,,,7.56,0.7481217,0.876679205,1,,,
7.57,1,1,1,,,,7.57,0.949250715,0.983353044,1,,,,7.57,0.748456818,0.876961263,1,,,
7.58,1,1,1,,,,7.58,0.949463669,0.983453073,1,,,,7.58,0.748790589,0.877241998,1,,,
7.59,1,1,1,,,,7.59,0.949675461,0.983552388,1,,,,7.59,0.749123018,0.877521419,1,,,
7.6,1,1,1,,,,7.6,0.949886098,0.983650993,1,,,,7.6,0.749454114,0.877799534,1,,,
7.61,1,1,1,,,,7.61,0.950095588,0.983748896,1,,,,7.61,0.749783884,0.878076351,1,,,
7.62,1,1,1,,,,7.62,0.950303937,0.983846101,1,,,,7.62,0.750112335,0.878351878,1,,,
7.63,1,1,1,,,,7.63,0.950511154,0.983942615,1,,,,7.63,0.750439475,0.878626124,1,,,
7.64,1,1,1,,,,7.64,0.950717245,0.984038443,1,,,,7.64,0.750765311,0.878899095,1,,,
7.65,1,1,1,,,,7.65,0.950922218,0.98413359,1,,,,7.65,0.75108985,0.879170801,1,,,
7.66,1,1,1,,,,7.66,0.95112608,0.984228062,1,,,,7.66,0.7514131,0.879441248,1,,,
7.67,1,1,1,,,,7.67,0.951328837,0.984321865,1,,,,7.67,0.751735067,0.879710445,1,,,
7.68,1,1,1,,,,7.68,0.951530498,0.984415004,1,,,,7.68,0.752055759,0.8799784,1,,,
7.69,1,1,1,,,,7.69,0.951731068,0.984507483,1,,,,7.69,0.752375183,0.880245119,1,,,
7.7,1,1,1,,,,7.7,0.951930556,0.98459931,1,,,,7.7,0.752693345,0.880510611,1,,,
7.71,1,1,1,,,,7.71,0.952128967,0.984690488,1,,,,7.71,0.753010253,0.880774883,1,,,
7.72,1,1,1,,,,7.72,0.952326309,0.984781023,1,,,,7.72,0.753325914,0.881037943,1,,,
7.73,1,1,1,,,,7.73,0.952522588,0.984870921,1,,,,7.73,0.753640335,0.881299798,1,,,
7.74,1,1,1,,,,7.74,0.952717811,0.984960186,1,,,,7.74,0.753953521,0.881560455,1,,,
7.75,1,1,1,,,,7.75,0.952911986,0.985048823,1,,,,7.75,0.754265482,0.881819922,1,,,
7.76,1,1,1,,,,7.76,0.953105118,0.985136838,1,,,,7.76,0.754576221,0.882078206,1,,,
7.77,1,1,1,,,,7.77,0.953297215,0.985224235,1,,,,7.77,0.754885748,0.882335315,1,,,
7.78,1,1,1,,,,7.78,0.953488282,0.98531102,1,,,,7.78,0.755194068,0.882591255,1,,,
7.79,1,1,1,,,,7.79,0.953678327,0.985397197,1,,,,7.79,0.755501188,0.882846033,1,,,
7.8,1,1,1,,,,7.8,0.953867355,0.985482771,1,,,,7.8,0.755807114,0.883099657,1,,,
7.81,1,1,1,,,,7.81,0.954055374,0.985567747,1,,,,7.81,0.756111854,0.883352134,1,,,
7.82,1,1,1,,,,7.82,0.95424239,0.98565213,1,,,,7.82,0.756415413,0.883603471,1,,,
7.83,1,1,1,,,,7.83,0.954428409,0.985735925,1,,,,7.83,0.756717798,0.883853674,1,,,
7.84,1,1,1,,,,7.84,0.954613437,0.985819135,1,,,,7.84,0.757019016,0.884102751,1,,,
7.85,1,1,1,,,,7.85,0.954797481,0.985901767,1,,,,7.85,0.757319073,0.884350708,1,,,
7.86,1,1,1,,,,7.86,0.954980547,0.985983824,1,,,,7.86,0.757617974,0.884597552,1,,,
7.87,1,1,1,,,,7.87,0.955162641,0.986065311,1,,,,7.87,0.757915728,0.88484329,1,,,
7.88,1,1,1,,,,7.88,0.955343769,0.986146232,1,,,,7.88,0.758212338,0.885087928,1,,,
7.89,1,1,1,,,,7.89,0.955523938,0.986226593,1,,,,7.89,0.758507813,0.885331473,1,,,
7.9,1,1,1,,,,7.9,0.955703153,0.986306397,1,,,,7.9,0.758802158,0.885573932,1,,,
7.91,1,1,1,,,,7.91,0.95588142,0.986385649,1,,,,7.91,0.75909538,0.885815312,1,,,
7.92,1,1,1,,,,7.92,0.956058746,0.986464353,1,,,,7.92,0.759387484,0.886055618,1,,,
7.93,1,1,1,,,,7.93,0.956235137,0.986542514,1,,,,7.93,0.759678476,0.886294857,1,,,
7.94,1,1,1,,,,7.94,0.956410597,0.986620136,1,,,,7.94,0.759968362,0.886533035,1,,,
7.95,1,1,1,,,,7.95,0.956585134,0.986697223,1,,,,7.95,0.76025715,0.88677016,1,,,
7.96,1,1,1,,,,7.96,0.956758752,0.986773779,1,,,,7.96,0.760544843,0.887006237,1,,,
7.97,1,1,1,,,,7.97,0.956931459,0.986849809,1,,,,7.97,0.760831449,0.887241272,1,,,
7.98,1,1,1,,,,7.98,0.957103259,0.986925316,1,,,,7.98,0.761116973,0.887475272,1,,,
7.99,1,1,1,,,,7.99,0.957274157,0.987000306,1,,,,7.99,0.761401421,0.887708243,1,,,
8,1,1,1,,,,8,0.957444161,0.987074781,1,,,,8,0.761684799,0.88794019,1,,,
8.01,1,1,1,,,,8.01,0.957613275,0.987148746,1,,,,8.01,0.761967113,0.888171121,1,,,
8.02,1,1,1,,,,8.02,0.957781505,0.987222206,1,,,,8.02,0.762248368,0.888401041,1,,,
8.03,1,1,1,,,,8.03,0.957948857,0.987295163,1,,,,8.03,0.762528569,0.888629956,1,,,
8.04,1,1,1,,,,8.04,0.958115336,0.987367622,1,,,,8.04,0.762807724,0.888857872,1,,,
8.05,1,1,1,,,,8.05,0.958280947,0.987439587,1,,,,8.05,0.763085837,0.889084795,1,,,
8.06,1,1,1,,,,8.06,0.958445696,0.987511061,1,,,,8.06,0.763362913,0.889310731,1,,,
8.07,1,1,1,,,,8.07,0.958609589,0.987582049,1,,,,8.07,0.76363896,0.889535686,1,,,
8.08,1,1,1,,,,8.08,0.95877263,0.987652554,1,,,,8.08,0.763913981,0.889759665,1,,,
8.09,1,1,1,,,,8.09,0.958934825,0.98772258,1,,,,8.09,0.764187982,0.889982674,1,,,
8.1,1,1,1,,,,8.1,0.95909618,0.987792131,1,,,,8.1,0.764460969,0.890204719,1,,,
8.11,1,1,1,,,,8.11,0.959256699,0.987861211,1,,,,8.11,0.764732948,0.890425806,1,,,
8.12,1,1,1,,,,8.12,0.959416388,0.987929822,1,,,,8.12,0.765003923,0.89064594,1,,,
8.13,1,1,1,,,,8.13,0.959575251,0.987997969,1,,,,8.13,0.7652739,0.890865126,1,,,
8.14,1,1,1,,,,8.14,0.959733295,0.988065656,1,,,,8.14,0.765542884,0.891083371,1,,,
8.15,1,1,1,,,,8.15,0.959890524,0.988132885,1,,,,8.15,0.765810881,0.89130068,1,,,
8.16,1,1,1,,,,8.16,0.960046943,0.988199662,1,,,,8.16,0.766077895,0.891517059,1,,,
8.17,1,1,1,,,,8.17,0.960202558,0.988265988,1,,,,8.17,0.766343933,0.891732512,1,,,
8.18,1,1,1,,,,8.18,0.960357372,0.988331867,1,,,,8.18,0.766608999,0.891947045,1,,,
8.19,1,1,1,,,,8.19,0.960511392,0.988397304,1,,,,8.19,0.766873098,0.892160663,1,,,
8.2,1,1,1,,,,8.2,0.960664622,0.988462301,1,,,,8.2,0.767136235,0.892373373,1,,,
8.21,1,1,1,,,,8.21,0.960817068,0.988526861,1,,,,8.21,0.767398416,0.892585179,1,,,
8.22,1,1,1,,,,8.22,0.960968733,0.988590989,1,,,,8.22,0.767659645,0.892796086,1,,,
8.23,1,1,1,,,,8.23,0.961119622,0.988654687,1,,,,8.23,0.767919928,0.893006099,1,,,
8.24,1,1,1,,,,8.24,0.961269742,0.988717959,1,,,,8.24,0.768179269,0.893215224,1,,,
8.25,1,1,1,,,,8.25,0.961419095,0.988780808,1,,,,8.25,0.768437674,0.893423467,1,,,
8.26,1,1,1,,,,8.26,0.961567688,0.988843238,1,,,,8.26,0.768695147,0.893630831,1,,,
8.27,1,1,1,,,,8.27,0.961715524,0.988905251,1,,,,8.27,0.768951694,0.893837322,1,,,
8.28,1,1,1,,,,8.28,0.961862609,0.98896685,1,,,,8.28,0.769207318,0.894042945,1,,,
8.29,1,1,1,,,,8.29,0.962008947,0.98902804,1,,,,8.29,0.769462026,0.894247705,1,,,
8.3,1,1,1,,,,8.3,0.962154542,0.989088822,1,,,,8.3,0.769715821,0.894451608,1,,,
8.31,1,1,1,,,,8.31,0.9622994,0.989149201,1,,,,8.31,0.769968708,0.894654657,1,,,
8.32,1,1,1,,,,8.32,0.962443524,0.989209179,1,,,,8.32,0.770220693,0.894856858,1,,,
8.33,1,1,1,,,,8.33,0.96258692,0.989268759,1,,,,8.33,0.77047178,0.895058216,1,,,
8.34,1,1,1,,,,8.34,0.962729591,0.989327945,1,,,,8.34,0.770721973,0.895258735,1,,,
8.35,1,1,1,,,,8.35,0.962871542,0.989386739,1,,,,8.35,0.770971278,0.895458421,1,,,
8.36,1,1,1,,,,8.36,0.963012779,0.989445144,1,,,,8.36,0.771219698,0.895657277,1,,,
8.37,1,1,1,,,,8.37,0.963153304,0.989503163,1,,,,8.37,0.771467239,0.89585531,1,,,
8.38,1,1,1,,,,8.38,0.963293122,0.9895608,1,,,,8.38,0.771713905,0.896052523,1,,,
8.39,1,1,1,,,,8.39,0.963432238,0.989618057,1,,,,8.39,0.7719597,0.896248921,1,,,
8.4,1,1,1,,,,8.4,0.963570656,0.989674937,1,,,,8.4,0.772204629,0.896444509,1,,,
8.41,1,1,1,,,,8.41,0.96370838,0.989731443,1,,,,8.41,0.772448697,0.896639291,1,,,
8.42,1,1,1,,,,8.42,0.963845415,0.989787577,1,,,,8.42,0.772691907,0.896833272,1,,,
8.43,1,1,1,,,,8.43,0.963981765,0.989843343,1,,,,8.43,0.772934266,0.897026457,1,,,
8.44,1,1,1,,,,8.44,0.964117433,0.989898743,1,,,,8.44,0.773175775,0.897218849,1,,,
8.45,1,1,1,,,,8.45,0.964252424,0.98995378,1,,,,8.45,0.773416441,0.897410454,1,,,
8.46,1,1,1,,,,8.46,0.964386743,0.990008457,1,,,,8.46,0.773656267,0.897601276,1,,,
8.47,1,1,1,,,,8.47,0.964520392,0.990062777,1,,,,8.47,0.773895258,0.89779132,1,,,
8.48,1,1,1,,,,8.48,0.964653377,0.990116742,1,,,,8.48,0.774133418,0.897980588,1,,,
8.49,1,1,1,,,,8.49,0.964785701,0.990170354,1,,,,8.49,0.774370751,0.898169087,1,,,
8.5,1,1,1,,,,8.5,0.964917369,0.990223617,1,,,,8.5,0.774607262,0.898356821,1,,,
8.51,1,1,1,,,,8.51,0.965048384,0.990276534,1,,,,8.51,0.774842954,0.898543792,1,,,
8.52,1,1,1,,,,8.52,0.96517875,0.990329106,1,,,,8.52,0.775077833,0.898730007,1,,,
8.53,1,1,1,,,,8.53,0.965308472,0.990381336,1,,,,8.53,0.775311901,0.898915469,1,,,
8.54,1,1,1,,,,8.54,0.965437552,0.990433228,1,,,,8.54,0.775545163,0.899100182,1,,,
8.55,1,1,1,,,,8.55,0.965565996,0.990484782,1,,,,8.55,0.775777624,0.899284151,1,,,
8.56,1,1,1,,,,8.56,0.965693807,0.990536003,1,,,,8.56,0.776009286,0.899467379,1,,,
8.57,1,1,1,,,,8.57,0.965820988,0.990586892,1,,,,8.57,0.776240156,0.899649871,1,,,
8.58,1,1,1,,,,8.58,0.965947544,0.990637452,1,,,,8.58,0.776470235,0.899831631,1,,,
8.59,1,1,1,,,,8.59,0.966073477,0.990687686,1,,,,8.59,0.776699529,0.900012663,1,,,
8.6,1,1,1,,,,8.6,0.966198793,0.990737595,1,,,,8.6,0.776928041,0.900192971,1,,,
8.61,1,1,1,,,,8.61,0.966323495,0.990787183,1,,,,8.61,0.777155775,0.900372559,1,,,
8.62,1,1,1,,,,8.62,0.966447586,0.990836451,1,,,,8.62,0.777382736,0.90055143,1,,,
8.63,1,1,1,,,,8.63,0.966571071,0.990885402,1,,,,8.63,0.777608926,0.90072959,1,,,
8.64,1,1,1,,,,8.64,0.966693951,0.990934038,1,,,,8.64,0.777834351,0.900907041,1,,,
8.65,1,1,1,,,,8.65,0.966816233,0.990982363,1,,,,8.65,0.778059013,0.901083788,1,,,
8.66,1,1,1,,,,8.66,0.966937918,0.991030377,1,,,,8.66,0.778282917,0.901259835,1,,,
8.67,1,1,1,,,,8.67,0.967059011,0.991078083,1,,,,8.67,0.778506066,0.901435185,1,,,
8.68,1,1,1,,,,8.68,0.967179515,0.991125484,1,,,,8.68,0.778728465,0.901609843,1,,,
8.69,1,1,1,,,,8.69,0.967299434,0.991172582,1,,,,8.69,0.778950116,0.901783811,1,,,
8.7,1,1,1,,,,8.7,0.96741877,0.991219379,1,,,,8.7,0.779171024,0.901957095,1,,,
8.71,1,1,1,,,,8.71,0.967537529,0.991265878,1,,,,8.71,0.779391192,0.902129697,1,,,
8.72,1,1,1,,,,8.72,0.967655712,0.991312079,1,,,,8.72,0.779610625,0.902301621,1,,,
8.73,1,1,1,,,,8.73,0.967773324,0.991357987,1,,,,8.73,0.779829325,0.902472871,1,,,
8.74,1,1,1,,,,8.74,0.967890368,0.991403602,1,,,,8.74,0.780047296,0.902643451,1,,,
8.75,1,1,1,,,,8.75,0.968006847,0.991448927,1,,,,8.75,0.780264543,0.902813365,1,,,
8.76,1,1,1,,,,8.76,0.968122764,0.991493965,1,,,,8.76,0.780481068,0.902982615,1,,,
8.77,1,1,1,,,,8.77,0.968238124,0.991538716,1,,,,8.77,0.780696875,0.903151206,1,,,
8.78,1,1,1,,,,8.78,0.968352929,0.991583184,1,,,,8.78,0.780911968,0.903319141,1,,,
8.79,1,1,1,,,,8.79,0.968467182,0.991627371,1,,,,8.79,0.78112635,0.903486423,1,,,
8.8,1,1,1,,,,8.8,0.968580888,0.991671277,1,,,,8.8,0.781340024,0.903653057,1,,,
8.81,1,1,1,,,,8.81,0.968694048,0.991714907,1,,,,8.81,0.781552995,0.903819046,1,,,
8.82,1,1,1,,,,8.82,0.968806667,0.991758261,1,,,,8.82,0.781765266,0.903984393,1,,,
8.83,1,1,1,,,,8.83,0.968918747,0.991801341,1,,,,8.83,0.781976839,0.904149101,1,,,
8.84,1,1,1,,,,8.84,0.969030292,0.99184415,1,,,,8.84,0.782187719,0.904313175,1,,,
8.85,1,1,1,,,,8.85,0.969141305,0.991886689,1,,,,8.85,0.782397909,0.904476617,1,,,
8.86,1,1,1,,,,8.86,0.96925179,0.991928961,1,,,,8.86,0.782607413,0.904639431,1,,,
8.87,1,1,1,,,,8.87,0.969361748,0.991970968,1,,,,8.87,0.782816233,0.90480162,1,,,
8.88,1,1,1,,,,8.88,0.969471183,0.99201271,1,,,,8.88,0.783024372,0.904963188,1,,,
8.89,1,1,1,,,,8.89,0.969580099,0.992054191,1,,,,8.89,0.783231836,0.905124137,1,,,
8.9,1,1,1,,,,8.9,0.969688498,0.992095413,1,,,,8.9,0.783438625,0.905284472,1,,,
8.91,1,1,1,,,,8.91,0.969796384,0.992136376,1,,,,8.91,0.783644745,0.905444196,1,,,
8.92,1,1,1,,,,8.92,0.969903759,0.992177083,1,,,,8.92,0.783850198,0.905603311,1,,,
8.93,1,1,1,,,,8.93,0.970010626,0.992217536,1,,,,8.93,0.784054987,0.905761821,1,,,
8.94,1,1,1,,,,8.94,0.970116989,0.992257736,1,,,,8.94,0.784259116,0.90591973,1,,,
8.95,1,1,1,,,,8.95,0.970222851,0.992297686,1,,,,8.95,0.784462587,0.90607704,1,,,
8.96,1,1,1,,,,8.96,0.970328213,0.992337387,1,,,,8.96,0.784665405,0.906233754,1,,,
8.97,1,1,1,,,,8.97,0.97043308,0.992376842,1,,,,8.97,0.784867571,0.906389877,1,,,
8.98,1,1,1,,,,8.98,0.970537454,0.992416051,1,,,,8.98,0.78506909,0.90654541,1,,,
8.99,1,1,1,,,,8.99,0.970641338,0.992455016,1,,,,8.99,0.785269964,0.906700357,1,,,
9,1,1,1,,,,9,0.970744735,0.99249374,1,,,,9,0.785470197,0.906854721,1,,,
9.01,1,1,1,,,,9.01,0.970847648,0.992532224,1,,,,9.01,0.785669791,0.907008506,1,,,
9.02,1,1,1,,,,9.02,0.970950079,0.99257047,1,,,,9.02,0.78586875,0.907161714,1,,,
9.03,1,1,1,,,,9.03,0.971052032,0.992608479,1,,,,9.03,0.786067077,0.907314348,1,,,
9.04,1,1,1,,,,9.04,0.971153508,0.992646253,1,,,,9.04,0.786264774,0.907466411,1,,,
9.05,1,1,1,,,,9.05,0.971254512,0.992683794,1,,,,9.05,0.786461845,0.907617906,1,,,
9.06,1,1,1,,,,9.06,0.971355045,0.992721104,1,,,,9.06,0.786658292,0.907768837,1,,,
9.07,1,1,1,,,,9.07,0.971455111,0.992758184,1,,,,9.07,0.786854119,0.907919206,1,,,
9.08,1,1,1,,,,9.08,0.971554711,0.992795036,1,,,,9.08,0.787049329,0.908069016,1,,,
9.09,1,1,1,,,,9.09,0.97165385,0.992831661,1,,,,9.09,0.787243925,0.90821827,1,,,
9.1,1,1,1,,,,9.1,0.971752529,0.992868061,1,,,,9.1,0.787437909,0.908366971,1,,,
9.11,1,1,1,,,,9.11,0.97185075,0.992904238,1,,,,9.11,0.787631284,0.908515122,1,,,
9.12,1,1,1,,,,9.12,0.971948518,0.992940193,1,,,,9.12,0.787824053,0.908662726,1,,,
9.13,1,1,1,,,,9.13,0.972045834,0.992975928,1,,,,9.13,0.78801622,0.908809785,1,,,
9.14,1,1,1,,,,9.14,0.972142701,0.993011444,1,,,,9.14,0.788207787,0.908956302,1,,,
9.15,1,1,1,,,,9.15,0.972239122,0.993046743,1,,,,9.15,0.788398756,0.909102281,1,,,
9.16,1,1,1,,,,9.16,0.972335099,0.993081827,1,,,,9.16,0.788589131,0.909247724,1,,,
9.17,1,1,1,,,,9.17,0.972430634,0.993116696,1,,,,9.17,0.788778915,0.909392633,1,,,
9.18,1,1,1,,,,9.18,0.972525731,0.993151353,1,,,,9.18,0.788968109,0.909537012,1,,,
9.19,1,1,1,,,,9.19,0.972620391,0.993185799,1,,,,9.19,0.789156718,0.909680863,1,,,
9.2,1,1,1,,,,9.2,0.972714617,0.993220036,1,,,,9.2,0.789344743,0.909824189,1,,,
9.21,1,1,1,,,,9.21,0.972808413,0.993254065,1,,,,9.21,0.789532188,0.909966992,1,,,
9.22,1,1,1,,,,9.22,0.972901779,0.993287887,1,,,,9.22,0.789719055,0.910109276,1,,,
9.23,1,1,1,,,,9.23,0.972994719,0.993321503,1,,,,9.23,0.789905347,0.910251043,1,,,
9.24,1,1,1,,,,9.24,0.973087235,0.993354917,1,,,,9.24,0.790091066,0.910392296,1,,,
9.25,1,1,1,,,,9.25,0.97317933,0.993388128,1,,,,9.25,0.790276216,0.910533036,1,,,
9.26,1,1,1,,,,9.26,0.973271006,0.993421138,1,,,,9.26,0.790460798,0.910673268,1,,,
9.27,1,1,1,,,,9.27,0.973362265,0.993453948,1,,,,9.27,0.790644816,0.910812993,1,,,
9.28,1,1,1,,,,9.28,0.973453109,0.993486561,1,,,,9.28,0.790828273,0.910952215,1,,,
9.29,1,1,1,,,,9.29,0.973543542,0.993518977,1,,,,9.29,0.791011169,0.911090934,1,,,
9.3,1,1,1,,,,9.3,0.973633565,0.993551198,1,,,,9.3,0.79119351,0.911229155,1,,,
9.31,1,1,1,,,,9.31,0.97372318,0.993583225,1,,,,9.31,0.791375296,0.91136688,1,,,
9.32,1,1,1,,,,9.32,0.973812391,0.993615059,1,,,,9.32,0.79155653,0.911504111,1,,,
9.33,1,1,1,,,,9.33,0.973901199,0.993646702,1,,,,9.33,0.791737216,0.911640851,1,,,
9.34,1,1,1,,,,9.34,0.973989606,0.993678156,1,,,,9.34,0.791917355,0.911777102,1,,,
9.35,1,1,1,,,,9.35,0.974077616,0.99370942,1,,,,9.35,0.79209695,0.911912867,1,,,
9.36,1,1,1,,,,9.36,0.974165229,0.993740498,1,,,,9.36,0.792276004,0.912048148,1,,,
9.37,1,1,1,,,,9.37,0.974252449,0.99377139,1,,,,9.37,0.792454519,0.912182947,1,,,
9.38,1,1,1,,,,9.38,0.974339278,0.993802096,1,,,,9.38,0.792632497,0.912317268,1,,,
9.39,1,1,1,,,,9.39,0.974425717,0.99383262,1,,,,9.39,0.792809941,0.912451112,1,,,
9.4,1,1,1,,,,9.4,0.974511769,0.993862962,1,,,,9.4,0.792986854,0.912584482,1,,,
9.41,1,1,1,,,,9.41,0.974597436,0.993893122,1,,,,9.41,0.793163237,0.91271738,1,,,
9.42,1,1,1,,,,9.42,0.974682721,0.993923103,1,,,,9.42,0.793339094,0.912849808,1,,,
9.43,1,1,1,,,,9.43,0.974767625,0.993952906,1,,,,9.43,0.793514426,0.91298177,1,,,
9.44,1,1,1,,,,9.44,0.97485215,0.993982532,1,,,,9.44,0.793689237,0.913113266,1,,,
9.45,1,1,1,,,,9.45,0.974936299,0.994011981,1,,,,9.45,0.793863527,0.913244301,1,,,
9.46,1,1,1,,,,9.46,0.975020075,0.994041256,1,,,,9.46,0.794037301,0.913374875,1,,,
9.47,1,1,1,,,,9.47,0.975103478,0.994070358,1,,,,9.47,0.794210559,0.913504992,1,,,
9.48,1,1,1,,,,9.48,0.975186511,0.994099287,1,,,,9.48,0.794383306,0.913634653,1,,,
9.49,1,1,1,,,,9.49,0.975269176,0.994128046,1,,,,9.49,0.794555541,0.91376386,1,,,
9.5,1,1,1,,,,9.5,0.975351475,0.994156634,1,,,,9.5,0.794727269,0.913892617,1,,,
9.51,1,1,1,,,,9.51,0.97543341,0.994185053,1,,,,9.51,0.794898491,0.914020925,1,,,
9.52,1,1,1,,,,9.52,0.975514984,0.994213305,1,,,,9.52,0.79506921,0.914148786,1,,,
9.53,1,1,1,,,,9.53,0.975596197,0.994241391,1,,,,9.53,0.795239428,0.914276203,1,,,
9.54,1,1,1,,,,9.54,0.975677053,0.994269311,1,,,,9.54,0.795409147,0.914403178,1,,,
9.55,1,1,1,,,,9.55,0.975757554,0.994297067,1,,,,9.55,0.795578369,0.914529713,1,,,
9.56,1,1,1,,,,9.56,0.9758377,0.99432466,1,,,,9.56,0.795747097,0.91465581,1,,,
9.57,1,1,1,,,,9.57,0.975917494,0.994352091,1,,,,9.57,0.795915333,0.914781472,1,,,
9.58,1,1,1,,,,9.58,0.975996939,0.994379361,1,,,,9.58,0.796083078,0.9149067,1,,,
9.59,1,1,1,,,,9.59,0.976076035,0.994406472,1,,,,9.59,0.796250336,0.915031496,1,,,
9.6,1,1,1,,,,9.6,0.976154786,0.994433424,1,,,,9.6,0.796417108,0.915155864,1,,,
9.61,1,1,1,,,,9.61,0.976233192,0.994460218,1,,,,9.61,0.796583397,0.915279804,1,,,
9.62,1,1,1,,,,9.62,0.976311256,0.994486856,1,,,,9.62,0.796749205,0.915403319,1,,,
9.63,1,1,1,,,,9.63,0.976388979,0.994513338,1,,,,9.63,0.796914533,0.915526411,1,,,
9.64,1,1,1,,,,9.64,0.976466365,0.994539666,1,,,,9.64,0.797079384,0.915649082,1,,,
9.65,1,1,1,,,,9.65,0.976543413,0.994565841,1,,,,9.65,0.79724376,0.915771335,1,,,
9.66,1,1,1,,,,9.66,0.976620127,0.994591863,1,,,,9.66,0.797407664,0.91589317,1,,,
9.67,1,1,1,,,,9.67,0.976696508,0.994617734,1,,,,9.67,0.797571096,0.916014591,1,,,
9.68,1,1,1,,,,9.68,0.976772557,0.994643455,1,,,,9.68,0.79773406,0.916135599,1,,,
9.69,1,1,1,,,,9.69,0.976848278,0.994669026,1,,,,9.69,0.797896558,0.916256197,1,,,
9.7,1,1,1,,,,9.7,0.976923671,0.994694449,1,,,,9.7,0.79805859,0.916376385,1,,,
9.71,1,1,1,,,,9.71,0.976998738,0.994719725,1,,,,9.71,0.798220161,0.916496167,1,,,
9.72,1,1,1,,,,9.72,0.977073481,0.994744855,1,,,,9.72,0.79838127,0.916615544,1,,,
9.73,1,1,1,,,,9.73,0.977147902,0.99476984,1,,,,9.73,0.798541922,0.916734518,1,,,
9.74,1,1,1,,,,9.74,0.977222003,0.99479468,1,,,,9.74,0.798702116,0.916853091,1,,,
9.75,1,1,1,,,,9.75,0.977295785,0.994819377,1,,,,9.75,0.798861857,0.916971265,1,,,
9.76,1,1,1,,,,9.76,0.97736925,0.994843932,1,,,,9.76,0.799021145,0.917089042,1,,,
9.77,1,1,1,,,,9.77,0.9774424,0.994868345,1,,,,9.77,0.799179982,0.917206423,1,,,
9.78,1,1,1,,,,9.78,0.977515237,0.994892618,1,,,,9.78,0.799338371,0.917323412,1,,,
9.79,1,1,1,,,,9.79,0.977587762,0.994916751,1,,,,9.79,0.799496313,0.917440009,1,,,
9.8,1,1,1,,,,9.8,0.977659976,0.994940746,1,,,,9.8,0.79965381,0.917556217,1,,,
9.81,1,1,1,,,,9.81,0.977731883,0.994964603,1,,,,9.81,0.799810865,0.917672037,1,,,
9.82,1,1,1,,,,9.82,0.977803482,0.994988323,1,,,,9.82,0.799967479,0.917787471,1,,,
9.83,1,1,1,,,,9.83,0.977874777,0.995011908,1,,,,9.83,0.800123654,0.917902521,1,,,
9.84,1,1,1,,,,9.84,0.977945768,0.995035357,1,,,,9.84,0.800279392,0.918017189,1,,,
9.85,1,1,1,,,,9.85,0.978016457,0.995058673,1,,,,9.85,0.800434695,0.918131477,1,,,
9.86,1,1,1,,,,9.86,0.978086846,0.995081855,1,,,,9.86,0.800589564,0.918245386,1,,,
9.87,1,1,1,,,,9.87,0.978156937,0.995104906,1,,,,9.87,0.800744003,0.918358919,1,,,
9.88,1,1,1,,,,9.88,0.978226731,0.995127825,1,,,,9.88,0.800898011,0.918472076,1,,,
9.89,1,1,1,,,,9.89,0.978296229,0.995150613,1,,,,9.89,0.801051592,0.918584861,1,,,
9.9,1,1,1,,,,9.9,0.978365434,0.995173272,1,,,,9.9,0.801204747,0.918697274,1,,,
9.91,1,1,1,,,,9.91,0.978434346,0.995195802,1,,,,9.91,0.801357479,0.918809317,1,,,
9.92,1,1,1,,,,9.92,0.978502968,0.995218204,1,,,,9.92,0.801509787,0.918920993,1,,,
9.93,1,1,1,,,,9.93,0.978571301,0.995240479,1,,,,9.93,0.801661676,0.919032303,1,,,
9.94,1,1,1,,,,9.94,0.978639346,0.995262628,1,,,,9.94,0.801813146,0.919143248,1,,,
9.95,1,1,1,,,,9.95,0.978707106,0.995284652,1,,,,9.95,0.801964199,0.91925383,1,,,
9.96,1,1,1,,,,9.96,0.978774581,0.995306551,1,,,,9.96,0.802114837,0.919364051,1,,,
9.97,1,1,1,,,,9.97,0.978841773,0.995328326,1,,,,9.97,0.802265061,0.919473914,1,,,
9.98,1,1,1,,,,9.98,0.978908683,0.995349978,1,,,,9.98,0.802414874,0.919583418,1,,,
9.99,1,1,1,,,,9.99,0.978975314,0.995371508,1,,,,9.99,0.802564278,0.919692567,1,,,
10,1,1,1,,,,10,0.979041667,0.995392917,1,,,,10,0.802713273,0.919801361,1,,,
